(BSplineTransformSplineOrder 3)
(CompressResultImage "false")
(DefaultPixelValue 0)
(Direction 1 0 0 1)
(FinalBSplineInterpolationOrder 3)
(FixedImageDimension 2)
(FixedInternalImagePixelType "float")
(GridDirection 1 0 0 1)
(GridIndex 0 0)
(GridOrigin -66.58464198102375 -68.0848940633706)
(GridSize 25 15)
(GridSpacing 60.05488213467051 60.1867992305324)
(HowToCombineTransforms "Compose")
(Index 0 0)
(InitialTransformParameterFileName "")
(MovingImageDimension 2)
(MovingInternalImagePixelType "float")
(NumberOfParameters 750)
(Origin 0 0)
(ResampleInterpolator "FinalBSplineInterpolator")
(Resampler "DefaultResampler")
(ResultImageFormat "nii")
(ResultImagePixelType "unsigned char")
(Size 1312 712)
(Spacing 1 1)
(Transform "RecursiveBSplineTransform")
(TransformParameters -3.617779422609836 -3.6294229528805997 -3.298316809852107 -2.8175499235557364 -2.335209384355626 -1.7915767390354562 -1.1263619616823206 -0.36562561763338564 0.4381454397113139 1.3825809857000364 2.5321409295650064 3.4784982023941855 3.8734545574848456 3.6916347434270205 2.870529686330441 2.163982631678591 2.299519341938565 2.9140733753344334 3.3474237371000686 3.666686832909928 4.0524081296410746 4.582489540354166 5.239739404454531 5.669217302783595 4.877567669550547 -3.973247064102371 -4.036007720385951 -3.856702456189921 -3.524242998552633 -3.0963537711347193 -2.4418681160361304 -1.8128760573372669 -0.2856942941810457 0.29111469092182407 1.2059443175991966 2.242031825826891 2.9051662447895708 3.0740016810176987 2.748329374832547 1.8884704015209777 1.0408021222920363 0.6831507046130031 2.45059942136869 3.6820017881497993 2.9301040950468558 2.692801174899771 3.3275386501741457 4.712784735646609 6.06363839513639 6.069351345535876 -3.586210941801163 -3.8982625826356854 -4.011690157101062 -3.952929517565913 -3.514949804670457 -2.562511325369099 -1.7384483610024621 -0.22186395914598792 -0.21449876620515995 0.5968605585449495 1.1703668539575274 1.83256657726177 2.584866502069583 1.0456676268651275 0.34265722664280257 0.7141028135999039 1.5922354585436003 2.575067764014678 2.413330808758137 1.2449113566332404 2.7929115225608467 3.6056137385021847 3.8616029578316917 5.284020636487694 5.794843553543658 -3.0018596571710487 -3.6584691763458608 -4.100427615422437 -4.359840916363152 -3.9233594399646976 -4.217163406435653 -2.3283189921104253 -2.9366987860443117 -2.725878961059769 -0.19902186546917405 0.32433668769693585 0.9462454633587425 0.05703783469375968 -0.2743146619949471 -2.162443491291537 -1.1845549796642567 -0.7417306613205296 -1.5861333701649298 0.5565771553157645 0.7932244560374219 2.968533918498705 3.464359335114294 3.728106361276211 4.340944766101272 5.177852838374695 -2.443569055510871 -3.4775650021862408 -4.063605404567836 -4.233428309503737 -4.4685920719269685 -5.147987851807654 -2.388324469227659 -2.4891238851083806 -0.9484315682040132 0.2024404286775916 -1.5750303546359814 2.93036752215958 -6.230392939170674 -1.7755760032451233 -3.2543790634768195 -0.8514197796750913 0.604221380830122 -2.7258615563414255 2.0044094408730273 -0.46732316216531766 1.9536282315307252 2.8125298539194574 3.401151908848791 3.531342878666933 4.37519779979755 -2.011858949872508 -3.7048520337880455 -4.353780365410808 -3.6362617852915795 -5.253738993515634 -1.5601396095581062 -4.473461408546664 -2.682066107500483 -1.689403238346027 0.9678693573542504 -2.213697051879046 2.43635442527164 -5.14640414013012 -2.67462234923144 -2.0222073166472203 -2.681568618875501 -0.7517761624958537 -2.6349396658511157 -2.8966235166173955 0.655711445830801 2.4812816583324566 1.0520313128169607 2.129248890437443 3.041954656844324 3.435647560254929 -1.7877908593320455 -3.757803341432754 -2.7365274526007397 -2.934323485179843 -3.5537719427595715 -5.634278235253136 -2.616882863815549 -3.95624305081336 -0.13226628106855437 -1.9181544292174222 0.16284805172583 1.9133797595198103 -5.990781139167043 -6.434140280864867 -1.8372613599783478 -2.588959486275767 -0.4677272817514348 -1.3710527052456818 -0.6178449915233927 -1.6680557029289809 -1.7576490084572638 3.7895381176775405 0.6569005479762685 1.388667487072544 2.2812308184227943 -1.5068197171830344 -3.666229413792247 -2.4744293664009342 -3.010782126041687 -4.219609568005845 0.17181727558719548 -2.8438845630675607 -2.127406821938121 1.3687474590734587 -1.4434019483503775 2.7585617549507657 0.1714745066540489 -4.407463815090505 -4.014721461204764 -3.973369994051106 -0.24770510182564345 -3.4083883382509264 -3.113072814004424 -3.666510917914728 0.6711181239976676 -0.5804927703539023 -0.6508012514815735 -0.7888680916377501 0.25144155847413324 1.169569186181331 -0.9489591775894528 -2.394267831839369 -3.3072817859596624 -4.041850367374896 -1.4338764844143468 -1.5514450192026887 1.7382972264265613 3.502837426122545 2.413630760488701 1.066648073403172 1.3336693089468576 -0.26294829852522317 -4.4504989633113645 -3.999874494357984 -3.543537371570119 -3.7718487589824536 0.608385224589999 -4.09908885254712 -0.2766383014653214 -1.292705174926638 1.82137077651731 -3.281834424964161 0.706270117507413 1.043104115108844 0.4011199408108234 -0.19981422078802105 -0.6856863399470307 -0.5069007944976598 -0.4927087025368305 0.40622570179840845 -2.8049558778819224 1.9150524469488932 1.6947085632369858 2.1844604777422414 4.154050841790429 4.573311258026054 6.919163278414693 -1.2284733421296337 -4.381030937066056 -1.709051288465327 -5.299110024183338 -4.861810437707055 -7.356919951596464 -2.0931026760279177 -3.3576461720541344 2.35457924689028 -2.602440566046559 0.2358630876174408 0.49482545155441926 -0.12133646939801636 0.6624923273893769 0.9819719703375943 0.5193777384888433 -0.6108889533452212 0.5940947022361605 0.17107139654875386 2.0412570547654756 1.7472462438352117 4.092031013908574 1.002147014826956 3.9340395025291737 2.1797393443918063 4.358221711687093 -1.5278028430046569 -4.903590519094282 -3.4513342287489883 -5.879475622183199 -4.739723867055313 -2.87835787188986 -3.9330330752859677 -2.073046063212839 -0.19459300789317177 1.2092966743305584 -0.28482480857475323 -0.42128314425378066 1.438378492500074 2.6591043912235364 2.870670649246137 2.2656857509894666 1.5685413055102866 1.54163368232574 4.5505903939731205 1.1092263750607927 5.0880729529115385 1.648160493773251 6.7716750824499075 0.22051703459760089 0.3433803893888393 -2.376881181343952 -6.176844182752821 -8.283906093334028 -6.947086907004761 -6.0928659446225595 -3.677475178295725 -3.0238286238610415 -3.016507033348105 -1.2464171767433214 -1.0312835383760017 -1.266793349163878 -0.513520778407665 1.9513643780020584 3.5776287572415435 3.973502351530475 4.10851928291588 1.4296217238649054 2.4270829777097047 4.651312387081158 2.3611647066032995 2.807399549421435 4.908728846446431 4.305979787679653 0.9747511671225885 0.3789186723603915 -2.3161243588694447 -5.39914610690806 -6.067219012199584 -4.558455445533084 -5.156829200303701 -4.344880755707529 -4.9998811736252735 -3.9397959584555293 -2.2536072394625544 -1.7921710058776046 -1.3609724704354207 -0.4214440950598537 2.250186106398322 4.0767307587502 4.199891294232707 4.1417774378499095 3.859563608693111 4.281124829011087 4.937440001236388 4.40794596923721 4.217465550285215 5.318374678257285 4.62189489815053 2.591836114330952 0.5500324598822828 -2.129629003372038 -5.330242699753747 -7.106904684335465 -7.040857515253196 -5.743280774605445 -4.4213023146477335 -4.008135471457192 -3.2984975910099807 -2.5345546101126106 -1.8383942068750594 -1.2921265218713702 -0.3105197378345611 2.6806904389415513 4.700264091746072 5.160656413706081 5.525390327415138 5.730374577396797 5.832261831965343 5.706948812762403 5.490114129574821 5.400097486098126 5.2140879922662675 4.499083237859317 3.3690370679656074 1.8008785883567346 -0.2595136997139234 -2.855714655527807 -5.005956878564003 -5.73935019086219 -5.4984404491161945 -4.790057970989687 -3.950365911829044 -3.268892625917504 -2.6860764196415157 -2.0939598962075356 -1.602794353634589 -0.6010095309019281 0.8192268981921537 0.4260369565683877 0.13559552406970365 -0.12150554815763265 -0.13758850555931643 0.0817014917978767 0.5765921622311662 1.137270277934537 1.5470199260869222 1.7529983752182943 1.603838169508487 1.2946973562582185 1.0222107958235533 0.6890877761961566 0.21422226313951262 -0.2671548229863462 -0.646577389877465 -0.6854264221898928 -0.08751462274687967 0.7322913927675611 1.5270857810391727 2.063762193354532 2.172408736453689 2.0680850537905076 1.9270676352118463 1.3566371223092277 0.7429084803733972 0.3166414661304466 -0.08464168074900598 -0.12235015369788992 -0.24918439144192991 0.18216772665024322 1.347518555564476 1.2329574112769515 1.487941270185893 1.1725291760140253 0.7630830864574918 0.48492277380422805 0.21606605884980395 -0.7694768953488764 -1.508641987589855 -1.3226521076328153 -0.6915062529400686 -0.6237932910700617 0.4873884983913212 1.9099151555978688 2.4163036590321165 2.7424018157455374 2.48693138537746 2.2956353078007523 1.5285967391967912 1.0111913218047974 0.6332564156707573 0.2763127311188828 0.4473135213864717 0.6626526917241685 0.15249408131042147 1.2037763088513256 0.588585099011709 0.49823344006211717 0.7575065020617575 0.044056615085143004 -1.759143297197728 -0.42119382846601733 -1.687039870938832 -1.3526549429950818 -2.686110810593292 -0.3164053217763644 -0.5199716652903003 -1.2782581628853167 1.4870595148387296 2.2821578669138813 2.614699630353831 2.4658108219343395 2.379413058819531 1.7324770407169399 1.4432209937254699 1.1409050399180956 0.8844253976377803 0.7244507098254434 -0.3478558131901902 0.7807342487183982 2.098021583777871 -0.12653569637711332 0.2835172135742699 -0.2932277277798671 -1.1187434416637068 -2.2464145005013414 -1.2294328075747474 -2.491161011991726 -4.680149045742155 -0.6838067959716456 -0.6681399892741483 -0.45884481261800464 0.7729248561800217 2.3326140074648354 2.442542094400948 1.9118754446568407 2.162537798326267 2.504154696962363 1.96265747849246 1.9765591544593424 1.6819833685955512 1.4479752032127489 1.3969251343249263 2.8050838867745016 0.7561016586799405 -1.631381148252534 -0.04804524889603964 0.04327121485000974 0.8463577211065058 -0.39057069835541214 -1.6331746186410363 -2.344743400087287 -3.8959820306719086 -4.401960379300631 -1.885311929989482 -2.1738519340838285 -1.3722120157847975 1.318080957823293 0.38140773368885544 2.469095014211109 1.6681050150667391 1.9768160848428975 2.7058367835015704 2.166992317212407 2.3815326318448564 2.7716520742959485 1.8863719764944715 2.4089430732411685 0.062346020320032815 -0.6442733706143577 0.5423406407142889 -3.209844184646518 0.022228173939252024 2.8836100439812964 -0.5311196683679668 0.7317327012695218 -2.7328348892351846 -4.118898466956391 -2.3808889051184776 -3.249989688237454 0.7539755727848889 0.12688773762909375 -0.8930977359186792 -0.6416111287947825 1.93209770386297 1.6076339816880663 2.235420906553701 2.9543048682525694 2.299182909956413 3.282144533694972 4.462909833314973 2.4459482420620113 0.398501758194758 3.404201638132322 -0.13808817708757784 1.2257250739616274 0.028891180654711152 0.37100229391174244 -3.2951723699212105 -0.9447543948054032 -2.7502958246332065 -5.298356832611483 -2.8463538073854444 -3.908509160472071 0.03581259825510305 -7.494074374008986 -0.36060677396044943 1.0830112914427301 5.450805871546605 2.769082202623321 1.8024682376180599 3.319330074068298 3.1652889545775005 2.4993924278001214 3.0808199565268377 1.533934928508121 1.091980208902044 2.4612226911124138 2.5417521120950743 1.8240917978229583 -0.39578780375526607 -0.385477609302667 -2.2209278360127587 0.7303384814383683 -5.946977989196839 -11.090366793481246 -0.4027218836127239 -3.2702125033148897 -1.5241672663713615 -1.575503823838679 -1.218786525570791 0.7408726512182564 -0.7249485908816374 1.1543420307969152 1.5031644658409786 2.315205195016922 3.040810508327443 3.2336051450905563 2.8212723614340995 3.942062384389929 2.3921006730473686 2.6162925707040134 4.333913244517038 2.459971821855983 1.991343500138998 1.0237646715072937 0.9767346102591339 -0.7300260750390407 -2.3988154272661593 -1.8238141789394362 -6.6552045196704865 -3.346036701207798 -2.0762403595218535 -1.9813541290703958 -0.8551092939742 -3.631922508563434 1.1204691456937328 0.7633807403724121 1.0003112679854251 2.0828147116577473 2.0573366707521084 2.727708878895185 3.073412626384562 3.0995354263546555 4.94054229795045 3.839590110360284 1.1298583134795173 1.2740672207303603 1.6416142762350632 4.092555802053807 0.12468993035675455 1.5157977528433055 0.20249155684934755 0.44191952379946825 4.6313378313430995 -4.218945959715142 1.8573777990649967 -2.9373166140067837 -4.5686035805826 -1.7789503589495697 1.0588780100468356 -0.8985796204427737 -1.054008581758072 -0.08508202844467144 0.9795045602827743 0.4503300970860893 2.2504688377312445 2.7517770486964195 3.1602076506763925 4.763144892442816 4.227159402931251 3.148019393915006 1.3003707882938018 3.0699970661640843 3.347195758533881 -0.1113739463588216 0.8155625275891146 0.5242729243196439 -1.4709481807981022 1.9883004443640424 -2.2763483357939767 -2.4916328762794415 -5.682615641978889 4.491485189841496 1.3235732522198458 -1.4118326379874104 -1.219938487562949 -0.6350750356611267 -0.8878562650442366 1.9699099832512426 1.0148367689547322 2.2980590384619344 2.382535985180664 3.081011628610674 4.266889244663695 3.8449187332686434 2.9206480045861354 1.7200725820460203 2.764396256088798 2.75247488725441 1.6566215424031816 0.19979122144113118 1.182739736630966 0.3426911630213988 -0.4845104157609332 -1.893995349636564 -1.7968333415132318 -0.019808602008597652 3.0639726663622655 -1.301174371482796 0.48296336496296316 0.13222708745056483 -0.721067177870749 -1.5895354961890598 1.4882975543079462 2.3373160143945855 2.1065052188718454 1.9219685396903874 2.9589138441912457 3.72845439898822 3.359786246282896 3.351788744598587 4.352495270551598 2.660332907669402 2.662722118138197 2.418778190901747 0.8454776783538632 1.4188878549159265 0.34849739186119705 -1.5650906906480788 -1.4592507029836865 -0.642104876621286 0.8914943246842896 2.1418564833190388 0.30776502353866825 0.24668121122609812 -0.7126083315751081 0.009247488898539751 0.36069860200241827 0.8985518436138278 1.0752486470610554 0.9094844429472365 1.2814954366430296 2.8365979053058843 3.339391365845194 3.3456464186278936 3.389612644064341 3.3142775509415627 2.6961786136475214 2.548603814934409 1.9366783377700505 0.7305042200913936 0.10595976791699818 -0.7622213995757318 -1.0057462022790038 -0.40685158917510716 0.664986896071859 2.122323625408698 3.0914548014505736 1.9975541031893222 0.9124141932183549 -0.44073666630316677 -0.6073296662048262 -0.4598048466270045 -0.5261649158186202 -0.3149115699626456 -0.06552787810755559 0.7254189153193965 2.422898797593144 2.8536402378724026 2.8868632973894086 2.842278814396813 2.6963098467913427 2.4743681425911155 2.296650678514022 2.0592635513461315 1.6875799559801372 1.280321144452715 0.8499716625111151 0.6790311647394226 1.0577532260557296 1.6703954740294695 2.1919556683644648 2.404759183797695 2.0928803718016855 1.4456559713855757 0.630674485224243 -0.12029508639313294 -0.6650463633614526 -0.9669552480528724 -0.9084279712176876 -0.7046730222977886 -0.11450565084023956)
(UseCyclicTransform "false")
(UseDirectionCosines "true")
