(BSplineTransformSplineOrder 3)
(CompressResultImage "false")
(DefaultPixelValue 0)
(Direction 1 0 0 1)
(FinalBSplineInterpolationOrder 3)
(FixedImageDimension 2)
(FixedInternalImagePixelType "float")
(GridDirection 1 0 0 1)
(GridIndex 0 0)
(GridOrigin -89.87774500107525 -87.5098450457269)
(GridSize 31 15)
(GridSpacing 60.07247513370188 60.414242757598245)
(HowToCombineTransforms "Compose")
(Index 0 0)
(InitialTransformParameterFileName "")
(MovingImageDimension 2)
(MovingInternalImagePixelType "float")
(NumberOfParameters 930)
(Origin 0 0)
(ResampleInterpolator "FinalBSplineInterpolator")
(Resampler "DefaultResampler")
(ResultImageFormat "nii")
(ResultImagePixelType "unsigned char")
(Size 1622 680)
(Spacing 1 1)
(Transform "RecursiveBSplineTransform")
(TransformParameters -1.1078518848658199 0.1751311864993399 0.5888469134416991 1.0799099424503542 1.6351704727757157 2.2170487303925532 2.71903890355728 3.14247442719709 3.48378604623249 3.5988605494750514 3.343240600792012 2.6054228585048813 1.273519007485657 -0.14920692305130193 -1.1526129758260812 -1.8353501502774023 -2.2948570505809216 -2.839462215856981 -3.768148029551885 -4.739526318985061 -5.4231848440179125 -5.880411204181013 -6.138372205211878 -6.219786462469413 -6.129205313207511 -5.9823846193685855 -5.867398273301999 -5.611329462087141 -4.947487796406036 -4.214881730515383 -2.4391634816026544 -0.8219072069176542 1.0979234600719538 1.3953148584658628 1.66439893995909 2.026956243512219 2.4798598196541826 2.8842309635035073 3.280618036711216 3.8687175562820437 4.267141314007487 4.207874503510463 3.320097545156653 1.1320868710305323 -1.5682847180669002 -2.8720138686868415 -3.2977831207047044 -2.0420575111581405 -1.5301747153196685 -3.0486009088589423 -4.840132286501756 -5.547126788156257 -5.253606491635674 -5.305676946560791 -6.092608903889004 -4.555997965535418 -4.89755323976821 -5.815247532536962 -5.410950399033226 -4.295627786260252 -3.172930454577714 -1.74951752195764 -0.3164523153643271 1.9100879985665384 2.1129977357599827 2.159033320034546 2.1867547496834883 2.8229772731941964 4.280973013471122 2.7179529460876943 3.478938249408032 4.111296395476353 5.22528182656376 3.5169267291545356 0.07191379676180434 -1.552826810263212 -2.4130354904460125 -3.5398115275086326 0.24829015421985468 0.8718611525030648 -3.1055214418953767 -5.537154864974636 -6.509338221460137 -5.0033593116550685 -5.582267109981837 -7.022985428941637 -1.942125562509412 -4.315295808613251 -7.096930685501221 -3.700339850935227 -2.6833126540213224 -1.98642424029203 -1.076348362903257 0.2959350149338657 2.8841212793791575 3.101560552001094 2.974557166124218 2.4901818674554668 3.185659286835677 5.425363556143153 2.801952106523876 2.2210718792014865 3.819437681141944 6.38461477455587 3.4711836578683104 0.9305005540559625 4.103851731954754 -2.49181002632189 -3.2249811181028174 -4.091288724705114 0.05427668842391805 -4.324221498209169 -4.542199947214028 -4.448653320091423 -4.1091293914281275 -2.937386145771532 -4.488239246733688 -4.903056861430509 -5.673590039019052 -6.674937495283005 -1.1340969132211534 0.13321485946325143 -0.32011446088556583 -0.20504148182489493 0.7351077973631402 3.652213994059988 4.0748488930470375 3.7317488740525064 3.139537685641012 3.427802711208821 -0.7216940734531347 1.7476696732760748 1.0313290400840551 3.113542187397154 -0.6409557094954925 3.0346586856672086 4.672347968135834 5.40303325280934 -3.640564646279016 0.6933569089622326 -7.160526338407424 0.13892200241494349 -5.070580302419025 -3.408995994438574 -6.384629479575394 -2.7137800173307522 -0.08569651240769037 -2.4133621739528586 -4.586088611016997 -0.37137482272711914 -1.1863580790552875 0.20137545599816944 1.5416879767121718 1.3336781045492105 0.6135705705369051 0.8581435157418715 3.8368453165120133 4.385174732371764 3.644531167244075 2.452969577036771 2.283977710380774 0.16582018620950462 2.491245843773187 2.8301747142666698 5.118534411278995 -0.04139184566490301 2.411100688360654 3.7331806031585626 2.204487795033938 -5.9817005307718025 -1.964590430849525 -3.63544495100241 0.01864244837179558 -1.3909567335962534 -4.9198182832984125 -1.6270773462539923 0.19356502517495439 -6.262987017292036 -0.9867320571904117 -3.6096441076631463 -0.42470799915746327 -0.925426769267194 1.1318127240427882 1.826880401105131 2.6005823804286443 1.412516281482946 0.502261278186884 2.7239328231714124 2.9861585495480325 3.7650541327864557 1.9366172149010763 0.9447422347065254 -0.13661115787610562 2.0052708088010003 -1.985245362101606 -0.217511004928543 2.802448153155153 1.4688296758228698 -3.095146735091395 -0.9278339473553071 -6.313973300089862 -5.322025558783047 -3.4355737354382154 -4.489843808252949 -3.037192929041865 1.1302120139724734 -0.808085649388516 -2.5874465050929176 2.3969592026376474 2.1397303701005996 -0.8627184927040361 1.0519983975974074 -0.38785945212584777 2.452379586890678 2.0776350564999113 3.2158761665458466 2.191484086240742 -0.074132574119857 1.61713645033384 1.432817816644824 0.24563355121365713 1.6192024647375147 0.5013854812948049 0.45867809824049777 1.8082515198901001 2.209971667355297 4.089501063924124 1.0395401603633474 2.987600704900166 2.6594733961527663 -6.439545572438723 -2.0328770812761103 -2.6969751567243483 -4.853849146467734 -0.18999119908074177 -5.199941329576675 0.9704763259294596 -0.42750034644262835 -3.3309828897601053 1.9470560218481079 3.370290345511916 -2.6395753976587764 0.7344939242211342 -1.756330061020455 2.15475642639167 2.292153423093362 3.929745276273161 2.962378797271477 -0.6248728244780812 0.7379585878520614 0.06029082444919516 -3.219664207994906 -2.8445469410766355 0.21980423638406493 -3.1587759099275425 2.70767828234804 -2.432507845107547 2.5039348038207883 -0.484258320055885 3.408661428321296 -7.600483404431575 -6.059873961322497 -5.093349599509489 -1.4989688163894646 -6.163986040365348 -4.859082290531287 0.4067542845228877 -2.6244066149733873 2.0622324327723778 2.445209187087279 0.12281705525641667 2.590993166850182 6.6441969120070326 -0.7354477718699632 1.3863644413500043 4.211301844119518 2.151254198581655 5.3593361493889216 3.7343228778227946 -1.1427741045746598 -0.32352818112832266 -1.1992234583439483 -1.5772137445417806 -2.493636074662104 -0.12028887864034189 0.3033064171711627 1.6657677063002319 -0.0054634829217360134 -1.9721864792645714 1.2235002913209434 -0.259057971867628 -12.490770700202752 -4.026989584905016 -5.339009505409652 -6.371435776869269 -4.54467302008732 -2.0428206013574726 -0.38363729538961183 -0.5130848774071383 4.105821697265547 0.9051897485473536 2.6279535137435346 1.16689602278315 3.085385874767184 2.099222832482206 4.957038274020939 4.553794318071414 6.3604332190099955 7.039659748548632 4.244454292493785 -1.6067187316797633 -0.9206842439162155 -1.5001198341740638 -1.5398204779482851 -1.2553550441272905 -0.39362815752566477 -0.16251297276597038 0.8479270854792438 1.6205735423365737 -0.6376739904766631 0.2867341708503606 -0.06849130101086585 -1.6603424014379717 -4.995218329094388 -4.574948367927009 -5.689710086426766 -5.49581195994165 -3.840202967090247 0.37691210764107497 4.394397475475889 4.298306132247048 0.7417812484270918 5.271938378553445 4.363742548748726 1.771756969516604 -0.13728838852740968 8.23480257449797 9.922439596086273 9.657957189511873 7.4685262782162996 4.22521022752982 -1.9747642097934146 -1.3336419307106897 -1.439198095515474 -1.4675474553745418 -1.109510712887627 -0.5249432155116184 0.046184335366618444 0.5331725305542563 0.6342764574502573 0.7386750881270264 1.142589257025478 1.318457618247624 -1.4530614464364595 -6.964334853661674 -6.727209979999558 -6.240953543500122 -5.680789432505591 -3.597763431865923 1.0010089361455137 5.333229513541878 6.317123592848135 1.6879361512997246 2.2865458532798653 -0.167257859796159 2.945141556069393 -2.139542798594179 2.1512953909702177 7.652922524455853 7.348886327806373 6.557992445326262 3.8037481076040014 -2.1679562165166 -1.7667031718745336 -1.7106383089665844 -1.6056502226305154 -1.3657577408324577 -0.9713766231192081 -0.42617560672719335 0.04227258291630748 0.20308789699143742 0.21467873102744847 0.24195527874979755 -0.23812879784659002 -1.8050106562611739 -3.6671872759310102 -4.9559448015991 -5.459581158803196 -4.694099740008724 -2.602439571331068 0.792836776999337 3.3119674555101923 2.9243526252409833 0.6252563054845932 -0.8933256893398959 1.9361055589685932 0.6398172486011371 -2.4305677610736662 0.2925478073145291 3.3801097390609307 4.6022593127594495 4.905521868436513 3.044561244560307 -2.19220961642342 -2.0484904845839447 -2.024107655784414 -1.9595405942074078 -1.8052741563207542 -1.5292935083933903 -1.1077740936560547 -0.7150713284607557 -0.5259120243743154 -0.5941623384200596 -0.9738006563725264 -1.6854156677050876 -2.751054823267884 -3.6974136855733213 -4.046969377851661 -3.7929008251271483 -2.9281651115967913 -1.5575327309687195 0.21177965609007038 1.311294265693181 0.6773435803138995 -0.5524297294806492 -0.4681822731103417 -0.03853549130567841 -0.9567954655860207 -1.054911679144781 -0.06537816242042874 1.4375961626185974 2.6706028644057036 3.357288777245973 2.310174335980364 -1.5365882952372467 -1.7068403504522902 -1.7214042364482194 -1.709062190471431 -1.6667126695382637 -1.5934321630856247 -1.478822373553907 -1.3818054367864772 -1.3606267610455633 -1.4917251267184137 -1.851491207033898 -2.293515139674028 -2.671349700954028 -2.8189345388177935 -2.5702403596528676 -2.0609117076893537 -1.4265995385404238 -0.7514591298567622 -0.11962660993326564 0.28618821644508036 0.2832526677336472 0.18006522413593795 0.2896712905866893 0.3333292018552524 0.059899340854824124 -0.15059243484026258 0.05230741247718597 0.5455098472283602 1.1667926046389316 1.6025790867209229 1.083262191689289 0.5220533192704472 1.0616409938844977 1.3645012705655981 1.7186325620843668 2.0228256786121865 2.1287384656151636 1.860070238297608 1.3994709224189372 0.9277084091823944 0.7386781616241551 1.12603043513201 1.866748581404558 2.7377495355273047 3.3968661880621585 3.5081629476289296 3.1592876031490373 2.4284303868252244 1.759794595680778 1.594032455199251 1.567020288023841 1.3174111578868102 0.9707407188844625 0.6414918684275726 0.4850753799978396 0.6765088236032523 0.8237584930023611 0.5277378218796397 0.0466130539658833 -0.3566637232367735 -0.6242247571496672 -0.8182786227227932 -0.7023507897061676 -0.5225652267932237 -0.31690486395989265 0.11642219970971518 0.8617828680487217 1.4872861243524087 1.665587620267576 1.0075992038101083 0.09151547050790733 -0.2604563282020537 0.546270138298016 2.036933240556734 3.4041526461894693 4.649762498879738 5.297252506712025 5.299012822262168 3.729069595357284 2.4306335195825284 2.443883176517828 2.6173413212356675 1.9750008219939483 1.3160208494812051 0.6697920110999224 -0.027973692086304142 0.149557093886122 0.6105097900705846 -0.8129581426586517 -2.0506031510437204 -2.433849177602936 -2.503186669314413 -2.122919637997013 -1.304450951661664 -1.4913790144673769 -1.6212665902518117 -1.4410233745470347 -0.5534123554411505 1.0329383616614753 4.451459202540506 2.657253936323981 -0.9085834518653237 -1.550664172190231 0.40647492450602885 1.331913438032404 0.7361926348653297 4.144481808747422 5.4796526268360335 5.499546680733873 1.4656104371268797 0.6959553343009673 2.4104050379247988 2.9702954153594097 2.256307427786519 2.1070642242506405 1.2242838467926835 -1.7528251134220818 0.4260239777088911 2.68093449622119 -2.1686072788042656 -4.126659714082093 -4.147972979977782 -3.865439429431256 -2.888329375949218 -2.023871216768856 -2.603568681187161 -3.0862772777700305 -3.3725212554511117 -2.5474982506000887 0.8484447597705544 1.965124609410151 0.33024490520160077 -2.7148862834637133 -1.2192419583467344 1.9229652682933507 -0.04166998211382923 -2.016667293820747 2.5195647576398645 3.6467797567762563 5.522350800507628 4.326242200171095 3.127196381566903 3.6068549061443056 2.8175792597191474 5.032116394331998 2.788745729287226 1.097434798911178 -0.6058710495351552 0.033537884442650844 -1.3700849038198897 -5.397349192743924 -6.275854705764802 -6.047757540530516 -5.224830182210909 -3.794361581804517 -2.7074984594524976 -3.4827964500666955 -4.044491876679891 -6.1796398334240505 -7.150906574635461 -2.71602412562064 -3.9804338083294906 -4.378381084443823 -5.847484397820375 0.07171495215706923 -2.678883576975086 -1.4608229430199582 -0.9346694982094165 1.2273388504650269 3.562455916624546 1.9560197714966658 2.0141133301676777 2.2796956158251516 0.970607523338578 0.6592653025874491 2.367041532038625 2.347556179758222 0.8707089833348007 2.643535992404915 1.071155617761215 -0.7881341269702383 -3.352198795488634 -5.291518314996962 -5.384606782500435 -5.717751546505825 -4.583492168514853 -3.347285334253422 -4.075041484400523 -3.787687506519292 -5.083855810637746 -2.860349168965941 -1.5194733682279915 -1.1762874334213436 -2.6683389940480153 -0.572400319274029 -0.4985010868838321 1.9059871547554132 5.0092581077007665 2.7448396366768537 1.0007162601509785 1.011369307681934 1.6709156908880882 5.504233960784291 -0.2842518778328321 -4.466852048259897 -0.8583960296048397 -2.6754730243196945 0.587562023835446 2.1744281037981206 0.1841197294623894 -0.6493802379118996 -2.095719410377934 -2.1264144414960704 -3.354033710063038 -3.935980413160304 -5.945003345981868 -5.203650049678439 -3.870750389464657 -4.203971727421945 -3.3049075450316576 -3.9408283905961845 -2.8066928903067456 -2.9030899079337353 -0.30985758406774616 -0.6954016480105127 -0.5847863200145669 -0.6869293899348112 4.130604418785421 -5.536322163611376 0.7254529768026684 2.5189481926288013 1.315741439653028 2.8495005072297523 2.884625931612689 3.768090251975397 2.7539730255923613 -0.22740066081782911 2.0190394151723177 -2.2203960742711817 -3.9657723705934296 0.40633653839197703 -1.3681653385437407 -3.3327924477441457 -0.3970240137004368 -4.0692193061848 -5.236088822986623 -6.461701252313988 -5.535470032177691 -4.318629904350498 -4.884782066855472 -4.208387265798721 -4.189144861208113 -3.388376789497769 -4.991226962160289 -1.4732039449175969 -0.6966081079294241 -0.3922291866563763 -1.72969596689497 0.18636684875408682 -2.2700629481093526 0.6359215540141429 0.9284020731367918 4.002740493856908 4.527009063816041 3.055248198332559 5.7507776993398725 3.5822220923131174 2.8628141168214536 -0.6755517552420078 0.7027171284734892 6.209861092678258 -4.048714142367486 -1.0262661277756577 -1.579213760786646 -6.0389113697417205 -8.435079641868999 -6.220203774043382 -6.829636461432822 -5.643089209425897 -4.708775012220536 -5.90210038282842 -5.5146674177832065 -5.4355877019399 -3.321707445633612 -3.1248388173443646 -2.5088243506742796 -0.9619913303025733 -2.7950699052964483 -1.0112341640200648 2.932240896220072 1.157688677578776 4.895368739527008 2.3600380170977404 1.0898854315151396 4.0087343106186335 1.1208050862780947 2.3611873061101685 3.766922296266376 -2.0985152568546996 -0.8417311047036548 -0.6242090416972198 -1.7979057688862201 3.0280922240038315 3.2737218056458457 -3.302926500082181 1.509262724386418 -2.432444749477337 -5.712268298466772 -6.668792601995279 -5.58544613235624 -4.958519439801599 -6.530441619915925 -7.021058409882233 -6.831276886258513 -3.4812296831074785 -4.352373238874354 -3.256928202437866 -2.474089641631763 -2.2609224157534142 -1.3128114178436636 2.6509118529982687 1.8512408950314099 0.5053476126324563 9.706146227997058 2.5700643192270114 1.6766414623697328 1.8239839980691006 4.726749687128834 1.2539665691555193 0.823650652341936 5.312804081299613 2.0625507794381535 0.3639851956042799 -1.060462852369775 0.8302265572141191 2.2956485225850156 1.275519865324819 -4.3075670084789035 -5.830204500757144 -6.1971056116378564 -5.246102752663343 -4.9865548759536455 -6.618016273156917 -6.973195432024051 -6.9199166381431105 -5.156870301738569 -4.094988302113868 -4.181143467055635 -5.338438110110988 -3.3037754653386613 -0.11554404489957834 -0.9400390191425623 -1.2858053532376803 -1.8400254034826977 7.638225098375993 5.487712527575366 4.286391991227817 6.21165614641695 8.846493660644168 6.347819583082404 3.641826955121616 1.5613184288254467 1.5291161839120582 0.01030497143388307 0.20574964411981883 2.697221888567945 -0.03559397827856914 -1.4305522131943706 -3.92936116015588 -5.335156706087833 -5.615118649481278 -4.503716503536746 -4.9064997836027 -6.432720096894071 -6.747526096727532 -6.607404903485577 -5.624861983402829 -4.772825456002125 -4.717405531126104 -4.416257016583705 -2.800413556556238 -1.4726866528016433 -2.116095121792256 -2.802226240546154 -1.5292167678256605 1.2190908412025474 6.066743542699457 9.111822433869499 10.089461887310208 9.355221407349495 7.493002472932078 4.528444023953507 -0.15947213362325297 -0.9069567778364616 -0.08351869128325896 2.088453630529348 -0.9699235546902432 -1.9889255127451448 -2.621899116676983 -4.098681417299621 -4.6110055765136435 -4.755098221107103 -3.590892636934847 -4.783844946127599 -6.197988561427131 -6.488562860281147 -6.51493597065042 -6.061969373005957 -5.557486269159683 -5.351280893325499 -4.980433771200214 -3.9784988336758387 -3.0386998650881667 -2.8586498725901803 -2.331928747597958 -0.34604659910480773 2.0983610294562265 5.185439246389035 7.74355318235554 8.632978982038848 8.192234037800349 6.553118562508128 4.1229411477929405 0.8986614365511355 -0.2053897286137477 -0.42949521814934183 0.30213070108728657 1.2631537144170304 -0.24561007375151092 -1.5870455919848563 -3.265570152475373 -3.570735255554073 -3.4705751566847973 -2.6739216595603583 -4.618369248905287 -5.937064901086135 -6.171421530228981 -6.264950802809458 -6.153425161925379 -5.992101439229354 -5.864010606706802 -5.570798960718751 -4.909249875268643 -4.010609295505983 -3.0052033920195558 -1.7173790528923343 0.028338087069946182 2.060201646880002 4.203787994564727 5.905826639454393 6.613646933858871 6.280741285650765 4.862250606278019 2.795505367033283 0.5270857232531964 -0.6406600619448369 -0.6383733400570999 -0.013639647908209077 0.1950761841059049 -0.5379369556608314 -1.0589510683030374 -1.73370762291055 -2.1364456523435167 -2.299006075459535 -1.9418141669516895 -3.7380160376549023 -4.858372352074036 -5.0663050580333255 -5.2082985454110435 -5.275527728624633 -5.275127918687248 -5.152814049927638 -4.869638472075279 -4.382244029003253 -3.567499713769056 -2.301944798187235 -0.8245735984459418 0.6256182911679874 1.9903641648995143 3.211456083577724 4.121872550258792 4.554476390712159 4.410756353073453 3.592232167908037 2.3881513229887994 1.0879034608753784 0.1513949992241104 0.02117710151642574 0.209282478402256 0.2413185928550837 0.1405495716406933 -0.03861168592313156 -0.2581941450375167 -0.48947287769598835 -0.654279602649498 -0.6618960872886791)
(UseCyclicTransform "false")
(UseDirectionCosines "true")
