(BSplineTransformSplineOrder 3)
(CompressResultImage "false")
(DefaultPixelValue 0)
(Direction 1 0 0 1)
(FinalBSplineInterpolationOrder 3)
(FixedImageDimension 2)
(FixedInternalImagePixelType "float")
(GridDirection 1 0 0 1)
(GridIndex 0 0)
(GridOrigin -79.66417653968792 -66.19167942879504)
(GridSize 21 15)
(GridSpacing 60.021734210696486 60.04673251264736)
(HowToCombineTransforms "Compose")
(Index 0 0)
(InitialTransformParameterFileName "")
(MovingImageDimension 2)
(MovingInternalImagePixelType "float")
(NumberOfParameters 630)
(Origin 0 0)
(ResampleInterpolator "FinalBSplineInterpolator")
(Resampler "DefaultResampler")
(ResultImageFormat "nii")
(ResultImagePixelType "unsigned char")
(Size 1042 711)
(Spacing 1 1)
(Transform "RecursiveBSplineTransform")
(TransformParameters -9.224082231099603 -10.73794840267041 -10.72520764403329 -10.399270394523699 -9.812279020076339 -9.092718343243051 -8.204611630001676 -7.240256852182043 -6.225249218025911 -5.5686909321117195 -5.628367666893822 -5.907351001132672 -5.8948754155833205 -5.472289024248129 -4.788558080164236 -3.966651736048866 -3.1747997794548195 -2.4690858311256068 -1.746616099771858 -1.1914894248997205 0.03150074307323015 -9.403324853488726 -10.113429890390249 -10.10031839542515 -9.691709179054882 -8.353121099735938 -7.391248094305987 -6.570298587596414 -5.436985222944425 -4.070252070829831 -3.105367214277461 -3.156016485072935 -4.500307293391818 -5.3835903397047975 -3.9459762801172573 -3.1161286118979374 -2.6738564921288455 -2.0939530467914667 -1.6431338151041857 -0.872943105421945 -0.37012444288539503 0.78674446794416 -8.633314564919381 -8.997237211349852 -9.12804402062253 -8.94208620710899 -7.1106903775999 -6.530894584211527 -5.709447554140633 -4.125571379480223 -1.9096767998043325 -1.8827742961949323 -2.8021549952846105 -3.2385277409120397 -3.757267393883088 -2.2915793871625443 -2.0257118176972417 -1.6884525122407317 -0.9158161630053506 0.12022107507967299 -0.021170454149379837 0.13013756835620108 1.0466381378936533 -7.5703614037771985 -7.534626340670594 -7.410320693831958 -6.915510405839478 -5.662317735684041 -4.634555968775545 -3.2613803996036745 -2.311441949486694 -1.2373309695708712 -1.3328635056086062 -1.7496064804594342 -1.3422032073654917 -0.9969941237672872 -0.710845732805418 -0.2324568677359746 -1.5939765892099917 -0.087661655811104 -0.004212914067463107 0.8607579926396968 0.7152128197802644 1.281912763880807 -6.6440135132011715 -6.256744497395424 -5.721381698566952 -4.8709433591212035 -4.008525545614331 -2.9029819994426425 -3.023428461858607 -2.842293240226717 -2.4195553550538755 -2.4508999703570553 -0.9567348509822344 -1.1666997655032014 -0.30042235980666115 -0.1311190472945911 -2.6638216646965676 4.577806323159081 3.485515885499814 -0.5276331037746165 1.9019969854357859 1.2052522273877244 1.4000563856446664 -6.012829578528996 -5.639404221711933 -5.151092850028509 -2.465909812473843 -4.1994226603337115 -2.3097760411106827 -0.4571310242517775 -4.1962170773099565 1.2320904468354401 0.04540220444687325 0.9022126207822573 2.6612055888973405 -2.277966854403357 2.6687910228698004 -0.0511311681380521 -3.5714495367043235 3.3724025235194914 4.017300332917607 2.528372597803783 1.3301945981049788 1.3596703761258389 -5.818490918198433 -5.2961188094359315 -4.66765256923334 3.6511748713761953 -0.7402437535928638 2.329967842954401 -2.7246620836709186 -2.3586576352282127 3.3153211345371156 8.280974894216477 -0.7704548720062853 -2.8313415160766313 0.1114238067896758 0.9632216707026516 0.02407829951178109 -4.664605720435343 4.751622130401438 1.8356207595460463 1.7279318348208939 1.416743891949339 1.0847210095113267 -5.77150968328136 -4.483520076956243 -4.273568601625502 -0.003927122152048797 -1.795436721088473 2.269722820780185 1.811852349006908 -5.289471200305759 0.5531477585093598 4.762787857274824 -3.085507149419012 -2.105878980067732 -1.278248712546487 -1.56017630033669 0.17569689669700303 4.353880789767434 3.022926903046166 0.9775078707762382 2.849032625507542 0.5349388285500454 0.9108345816480276 -5.581911265432544 -3.849080352846093 -2.7562445561581534 -1.5857090239533138 -2.6169585850091166 1.970294593519837 -0.38758982901584504 6.688845340687718 8.051288244450987 4.552523704258767 -9.497001748140724 6.579030378392798 -0.10732899880448318 -1.5371006133875236 -0.008915234215912669 -0.18212873644768424 1.5826775304160083 0.38905488714597064 -0.24359047525547922 -0.28567440641324304 1.196826189697989 -5.362127878361767 -3.3855433222610882 -2.426170619850171 -1.5558420555004897 -1.0992636177554225 0.4006510662404363 -0.4472357804157713 8.59977871741897 -7.782640932322242 -27.62393129534854 -7.009356878269497 3.5060550728041195 -5.422372950737461 -0.927130255412637 -1.1552618367065408 -2.6461009970836407 -2.493273326841033 0.5100196530064981 1.3386072253634205 0.7400295394394666 1.5491531910927194 -5.219246725100544 -3.180021726696643 -2.0072449805192294 -1.0314794046822853 -0.8122974432711934 0.0021682704892237044 -1.9051356650375895 -0.35005601730949765 -0.12179844840214193 -4.800761870850429 -1.387600627858688 0.4137578347398962 -1.4746389775358155 -5.301895689259704 -0.4471687882137605 0.6905857083185579 1.0108451276166042 0.9840670179145877 3.109058799454581 1.5234483328714068 1.5491426044075147 -5.084140796704475 -3.228101042080655 -1.7595475373508782 -0.5590560518412306 -0.3988656533449175 0.6678013919778111 2.0906071597462232 -0.39914300088231414 5.487772784846339 5.781888837035412 -3.751364225165991 0.26820178062305333 1.2518772467793318 -5.199021345837367 -4.338101973594668 -4.460829575450506 -0.7514894481196212 -0.37842578799535426 0.7537049123692181 0.7545214653346594 1.2563153025065503 -4.8193516076022975 -3.500992263181645 -2.259451521452031 -1.3361326432497471 -0.935915311455602 0.6637834930354974 -0.331413974747066 1.154917582432163 -0.24506453410669524 -1.2746016303017749 -2.141353338872604 2.6635205811003813 0.16952835624773738 -4.978743790712337 -3.937448845489425 -3.6438174716375378 -2.5559949396892416 -1.4834538166971647 -0.9184218894036117 -0.6157607836153801 0.6517592263939642 -4.496838624759369 -3.7352695169759653 -2.8839971336524672 -1.8684613996559962 -0.993147425615632 0.5137336819138612 1.0170832755633878 1.817362956194788 1.8581863187647518 1.5327898943678446 0.7827215003955922 0.00561281362871757 -1.4857708670125194 -3.0311855185090057 -3.8338279231035477 -4.275531776978409 -3.933712262972628 -3.25399663212698 -2.594008812322361 -1.9938038551438644 0.008859241767709176 -3.2360273239836648 -3.3024942339118324 -3.107239656100376 -2.702410329788924 -2.0739381361966274 -1.4521693928943074 -1.1430067946321172 -1.0845697571767856 -1.1801077850737147 -1.562924603412208 -2.332242277432768 -3.353031680029462 -4.260954928379115 -5.095758674433164 -5.881745564355539 -6.3632110704917935 -6.273386359729747 -5.813930314936458 -5.043962021917974 -4.2046563740865 -1.5478373752449601 3.869356425521093 3.0407236618837987 2.7641266860983222 2.320075864176046 1.5333162372800067 0.8131678023167012 0.5190161981288027 0.6832320687937489 1.3506937106458472 2.027970834154428 2.348318464503841 2.6591778695760815 2.9057245662285256 3.5595077211212343 4.8278024095255185 6.277291384549407 7.5168514569211125 8.478777216870668 9.034654995225443 9.188659411469173 8.79549365126379 3.130026193133848 2.6987689882670858 3.220565836543165 3.4009858761435567 2.012208776862803 0.99852862701312 -0.31564577738265603 0.9667372620816751 2.8895752630243727 3.2537503411527506 2.1910523296998523 3.47331801522709 2.2390165915667835 2.5838776878219103 4.439229811161954 6.089167365521691 6.691192724450054 7.539314814478569 8.570547439621851 8.427519773254113 7.9686475015443134 2.41854302199773 2.1802179780346096 3.0172849805378186 3.2868119672080023 3.2240697163445478 2.7687552241749325 0.09767053273987072 2.9786874204593916 3.4909022244594343 -0.787173583781633 0.5906648264535557 3.431944774352993 1.2815451639941629 1.604898459957144 2.530490014412909 3.0529191217724385 5.378593590386361 6.770088977936688 7.410215368249512 6.972320485031791 6.738293908107836 1.5132517693647782 1.3839176377166476 2.013948992427431 2.4236908012318175 2.3098073938022075 1.9170775587238404 1.11126712121314 1.4149634913665528 0.6926604102296239 -2.4939590211688696 -0.8533294191352904 0.4653680838295022 0.012902070168770053 0.13151000359622803 2.448707483624114 6.378552124353536 9.052125461131817 6.758344447022551 5.311082918522398 4.85572517805633 5.137123502330966 0.692564338991933 0.434282290366937 0.6992899760997996 0.8948558427575731 0.2689264304683508 0.03659804686874451 1.3557245244165033 3.8995894340451827 2.321807698187189 -2.1781861208707407 -1.0812610706018053 -0.41517593090648547 2.946168969746619 -0.5081693256436667 -5.3487648683435 1.152038962136171 2.6718165591503134 1.1458508145267305 2.097494782049167 2.540134507411438 3.7083875633640617 0.27087080922246703 0.2199381886693324 -0.5246592951603144 -0.18838551872317982 0.4033101375868348 -1.5200222051988719 -0.7941020755486053 1.8820200714938282 -2.741341834943722 -5.050406414122162 -3.4574971527170533 -4.685097631740893 -2.686167567444947 -3.0659813528801028 8.006432023869861 -0.7482956923609452 -1.8978455846874351 0.05424337127366363 -0.7980968423485061 0.9232961142394923 2.7995446570881986 0.598446085165862 1.4400252591348284 1.5933163464898359 -4.103891063663106 -2.662548249175094 -3.0644993605829978 1.3202669428753857 2.1116382265559537 -4.672856296653703 -3.915035751683561 0.13784465803426985 -1.4301472516992004 -1.3822634510628855 -2.007369835991953 3.64011812531844 3.6899629229879647 -2.1166689088455373 1.9325078743188158 -1.8797977444056249 0.891622571958247 2.795542158759928 0.9698991299846729 2.372889614003396 5.820570626195947 6.502861809592344 -2.9428406362230572 2.9568055630042203 -0.05066096704430651 -5.700056168954053 0.3213508421264606 2.041208260519712 -1.5017487331004047 -2.185590012261577 0.7263483212435493 -1.301019713233202 -8.22162790444629 1.4946584001780083 0.08135816152654528 2.9591934464788285 2.379907847244084 2.024274122678189 3.0758919274885432 0.6822965073437836 1.6609903890265703 1.5321515513268984 1.9485828615326193 -3.6794308935233104 5.098944078644393 -0.4496732765101669 3.0477695148258235 4.190359771037109 -2.556532679946723 -0.8090868002989745 -2.144953279911742 -6.067363591814119 -4.186395033779089 0.18994012710671807 -1.88968958877327 0.6686105889736498 1.2654782400719038 2.6476952630436217 1.777698493246395 3.020105120355034 -0.17448349047859382 0.20126195896313218 -0.5033711627691307 -1.2566513554839849 -1.1307965474591586 0.16591283780850832 -7.2933849975376885 0.7808137028813145 2.4666923611144176 -15.47155105622841 -9.701987465516202 6.792790997272339 2.0105395952394667 -3.1370866851292973 -3.471039293677671 2.9301257152238778 1.9247478633709991 -0.34156768114550506 -0.9395455909517901 0.8098892354737542 2.7214074747752783 -1.5146688391946748 -1.4611363061302278 -2.081944285553069 -2.671240917758674 -2.73337248206685 -2.91280223102475 -4.515573108004616 -8.188741856738178 3.303127399116721 5.532106239917259 -5.806110212534103 0.7076116497411382 0.22334001915869506 -2.376827325636509 -3.1385002283828696 -2.153938163383702 2.654229309615633 0.6133847582032906 1.341802875907617 0.6254064733564061 2.265859328116924 -3.0695852509045687 -3.1054318898989357 -3.511596710264902 -3.6568868731345523 -3.3955056014132667 -1.5912351817300405 0.8008422332949761 -2.8455403243197916 -2.624858706632523 0.11493775574405175 -4.623848694925671 -1.9430261004521578 2.4051035033770174 -2.866998378539862 -3.9287575970600264 -2.8654999944481476 -3.593348742057201 -1.9151366293097298 0.16509309532347652 0.06587234858837984 1.578370614847682 -4.622629700035955 -4.5381384528863995 -4.538334134516495 -4.110857823114129 -3.4320066754980556 -0.7396642448388678 1.4801628999754988 -0.6129803243030109 0.6900234341738042 3.52592619672391 0.8694640928161307 -2.6056315981980185 -4.057270059884702 -3.759642961727816 -4.703623499817867 -5.2080968386909285 -4.581868456859564 -3.1859423621341776 -1.9725912339222536 -1.1049814838343133 0.4908712612492904 -5.779135319861527 -5.517475452776047 -5.146933586704886 -4.162679182107417 -2.843222149080481 -0.8108403915674799 0.7676994434374851 0.719470578619575 1.007208690517955 0.7321701253785036 -1.0183523101002143 -3.4237376370600856 -5.461327277093756 -5.366171407217877 -5.909700119541944 -6.201721993631938 -5.573033113455672 -4.460770668044928 -3.2188915793965163 -2.190636810779549 -0.5355835742614302 -6.8715563369829065 -6.3244327074285325 -5.636527609260378 -4.474698100328353 -2.8594370733256564 -1.2677242363765437 -0.22909445212799567 0.22384203430131516 0.08596622755094914 -0.5479337954884146 -1.6654356865013666 -2.9007751540017823 -3.8362089464966043 -4.528129975491268 -5.017081070642499 -5.230357458174039 -5.090564541524986 -4.684738419896193 -4.043185688157846 -3.4354203666757663 -2.3399959277118514)
(UseCyclicTransform "false")
(UseDirectionCosines "true")
