(BSplineTransformSplineOrder 3)
(CompressResultImage "false")
(DefaultPixelValue 0)
(Direction 1 0 0 1)
(FinalBSplineInterpolationOrder 3)
(FixedImageDimension 2)
(FixedInternalImagePixelType "float")
(GridDirection 1 0 0 1)
(GridIndex 0 0)
(GridOrigin -70.9105118544688 -81.98136189495416)
(GridSize 22 16)
(GridSpacing 60.037712266449134 60.08572646391478)
(HowToCombineTransforms "Compose")
(Index 0 0)
(InitialTransformParameterFileName "")
(MovingImageDimension 2)
(MovingInternalImagePixelType "float")
(NumberOfParameters 704)
(Origin 0 0)
(ResampleInterpolator "FinalBSplineInterpolator")
(Resampler "DefaultResampler")
(ResultImageFormat "nii")
(ResultImagePixelType "unsigned char")
(Size 1121 744)
(Spacing 1 1)
(Transform "RecursiveBSplineTransform")
(TransformParameters 2.197752307273894 1.7462426753971825 1.5125593954964056 1.24100140847233 1.0600873316418074 1.035327467821175 1.1937130325385876 1.482386159415602 1.919503712212286 2.6044672995440097 3.495051830707684 4.402248599000581 5.217179784444899 5.883458175822281 6.34902805503852 6.568650697732808 6.497725643173589 6.053035223478313 5.302611569413684 4.324841422168975 3.5572583824277655 1.4184996177034348 2.6730255593089303 1.036794023057174 0.3774639515310672 -0.30672240294547276 -0.700601006235932 -0.9085530544072774 -0.6284935528755216 0.21377592617362753 1.5401751912541877 2.2454816491205505 2.2060378468706414 2.8026610176774978 3.9029409378170805 5.0797817108202725 6.0958004057984345 6.648279124539184 6.583597775075071 5.796774047686032 4.46621671878521 3.0067579683330075 1.946546028223589 0.056578260611916016 2.6964945016334436 0.571461515044912 -0.346873216495238 -1.2175614945365554 -1.3974337904166059 -2.2711828417884705 -1.7103944652383711 -0.43767024369493673 0.004714728288563385 1.3202911073085768 0.9167258300517609 0.9448586303955567 2.2690001709093246 3.7623761778021403 5.127856488350463 6.068728140072553 6.307887520913309 5.387253724877463 3.770200747568476 2.0989003375864392 0.9088635685761294 -0.6968296135739984 2.9270745656411337 0.52618759890855 -0.6300325555413435 -2.406262951135207 -1.728298000674565 -2.9313952417419507 -2.1950575977242135 0.2766967533177802 0.9063022109795081 1.7136945956310692 1.2381209190383986 -2.009582650580238 1.7850338505741714 3.654628177287023 3.8777375610083236 5.09229213546195 5.933245073165038 4.15875399731253 2.7148824692768025 1.308801259727523 -0.42538411464847853 -1.6147083674207736 3.322389953507675 1.088962722254779 0.26878205509891084 -2.076469570935145 -1.9929437308810922 -0.7601605380104365 0.011737287467396107 -1.4532231656612395 2.265650632623554 3.0403592423582415 3.3086018907787507 4.4273199196926605 5.008356736451885 3.5680548968034467 1.2549690221870933 4.245541581366223 7.462472721847774 4.565343889604555 2.806885860910514 0.6047118613210064 -1.6083318171261374 -2.321698239882504 3.799354746263254 1.90734032054611 1.5489736165873482 -0.30369208144516263 -1.9484029310657147 -0.36379572162289764 0.5121052784625909 0.13611654281436356 0.5196703386869996 1.7710715326609916 1.0187354892189069 2.05302754903383 4.984867353631882 3.66382621008596 0.5900458603402527 0.12711146548482533 4.373149287929847 -0.4600473860550379 1.2958624775841379 -2.487646134673002 -2.922965113952685 -2.6444722456716545 4.284553033082689 2.6987427052154804 2.5469438759426826 3.059154901136274 3.803595397996985 -1.8958511350033647 -0.5873677367912614 1.224533711185421 -1.0564606571302704 -0.7019843079161767 1.5935344561656437 -0.8194748774018813 -2.1623764744714715 2.9601779680716764 1.4972738771314094 0.16711866045365595 0.8383491351420519 -2.100688358946098 -0.7781729471610321 -4.507807544810623 -3.5501252524143925 -2.458944763212687 4.696118476062874 2.976924562481699 2.664460764894642 1.3002706072115942 0.9585418877010096 -1.2861589918074843 1.992587701750311 -0.7582774722542432 -5.711496634191338 -2.5511484490008582 -0.6358483744420778 -1.037489668268277 -5.059794782981955 1.1507659890455773 -2.431981802364582 0.8778157889694564 1.8630182668393986 2.993869061163923 0.4445739350289458 -2.4614589915762886 -2.037765818923392 -1.6833375651142788 5.031910053128702 3.1789591859728397 2.7593404054016277 0.4464416829259613 3.136158522529594 1.0227448727563082 -3.2033658907906872 -7.238838251640254 -2.6671824029941913 -0.9115050290284563 -2.7626950715802323 0.5051651349599348 -6.030000969697928 0.849700748212285 -8.842115484153636 1.6961352503510128 -0.004023542615356781 -5.484410839659318 -0.5116489660506887 2.393646722717029 1.15476540376214 -0.5552538247159758 5.371336163304472 3.4642488662513053 3.0102390179764353 0.7003949669182588 5.3593365942495055 -0.9282964013987698 -5.8922701894886576 -7.786220017048282 -3.419285548322591 -3.0312190573907136 -6.0418549290264245 1.4144365472420508 -7.915133348658208 0.743006071178861 -2.7625147058542403 0.39822298025291636 -1.195208291439424 -1.2220369205373562 2.644071486606519 5.626037498409904 2.4473897301924317 0.16149158912336864 5.631705790860217 3.6814791346348636 3.435275903946496 2.6350601348943266 -0.6326130572165547 -5.394038148691744 -4.013380620225193 -4.679316202981034 -4.51418256360753 -3.9621250547517475 -6.344437931053994 3.547850013374147 -5.821728552668133 -1.9594803515022872 -0.7807343303537393 0.41551526478964024 -2.5272842380028226 0.45489112457262193 3.3593200797488385 3.1915888707607576 1.880166085794727 0.3519851185860171 5.526787821564042 3.673705543714441 2.6605906990249815 1.3032071846421849 -0.5893848848319071 -3.006126137384612 -4.1380431533512825 -3.9331224208722753 -5.0537729883720255 -5.506827102995281 -4.236735214038734 0.070366642212567 -7.167535464543182 -2.1581527300589367 -0.7705092936353726 1.6408541918460786 0.3120891987536842 0.8118099830322695 1.6725817736348723 0.98456549106417 1.093911293277391 0.46043955568700307 5.063473271332418 2.834750734222143 1.5596272091422105 -0.0733378017818983 -2.171360335446963 -3.1683905534713492 -5.234106084691736 -5.9608756127089695 -6.034618873080523 -5.147482362429513 -0.2953571514523826 -2.03417641812333 -5.480276308258858 -2.390901508270646 -0.7071894143258485 -1.555353679646436 -1.7008400679768898 -0.6926169041892094 1.2056642980276164 0.8935294353647953 0.7100732606449734 0.6090322018070015 4.484911976495212 2.137693698389992 0.8750343641095073 -0.3033838698090794 -1.0312667759902545 -0.6859966242503396 -2.7770664689758915 -6.051129261797257 -5.965040728690491 -5.1838296322811415 -2.291736843397641 -2.618968362965372 -2.3579354952438827 -1.7596934696402233 -1.0719171475878273 -1.2198915900290395 -1.519020049357663 -1.1250651805958276 0.16439377430199112 0.5378654791316995 0.5836023787380888 0.7392516958698514 4.110360831255528 1.9154833595167204 0.7678644161665453 -0.3067488794228357 -0.9875772706761601 -1.9306125404093721 -3.229638353143773 -4.743009448694839 -5.591034946016269 -5.676620763677436 -4.341189665058807 -2.7687849036576115 -1.6923131491356573 -1.063238122243698 -0.7854342892157943 -0.8518826863973237 -1.083039316789435 -0.902279395686121 -0.32231565587164535 0.21854762354099017 0.5451226891231145 0.8337401249299655 2.615175191047801 1.1668702575116745 0.45072115032444005 -0.34102476445995034 -0.9474498648096257 -1.5727534250572424 -2.211616601714623 -2.786479668051161 -3.17714522922475 -3.086150700146618 -2.4647958976357414 -1.508923908463931 -0.5165650968416358 -0.04058821617734212 -0.12354530957198515 -0.2908773384310375 -0.3503137320619461 -0.2361294279447645 0.04488946151722656 0.38332048988763184 0.6705664429391514 0.8628585290089766 2.427250258101915 2.50544395676954 2.408827623167122 2.2617284345092763 2.138045475305778 2.301731636216116 2.652901005498928 2.6707991171502488 2.291679781225872 1.7311155484874936 1.1736922477719363 0.7340193478580387 0.5234338822018305 0.7139808105865658 1.2537582149781934 1.8635169967627343 2.382154873786251 2.670883245479261 2.717989573846441 2.607013606669612 2.5053662136788906 1.6984777931888086 2.470610641372289 2.3132515505613567 2.2844262031044495 2.2261664793355784 1.9564758988602222 1.661193331341864 1.8783251499101503 1.711985636523268 1.5071058297697755 0.17125716676386799 -1.1248228306161792 -1.2907647497278776 -0.5485978413307316 0.15762469588732375 0.36717185093647264 0.7585402884198565 1.4263209625223916 2.0681444157428706 2.5501869152497805 2.7088191689816123 2.681415121007326 1.7360506699383829 2.381978471987694 2.174291081798911 2.2057958598859275 2.325242380192098 1.5643743109964143 0.6950574598294484 1.7927675091630164 1.6786200341005817 -0.1782466056701508 -0.6762020669210471 -3.4145264386165404 -2.798379004372652 -0.615568782713831 0.32402624429456134 -0.16982746684880023 -0.25086428449654435 0.4739771367304451 1.3780948747170803 2.1570020062662367 2.5203301975374717 2.4869946063487647 1.5147792806288671 2.5258927131049593 1.9701584579317617 1.7176116546872682 1.708503179271459 -0.32093910776392204 -0.8264499722014365 4.942027240708396 1.43119789253006 -2.263266564142526 -0.5498190106019317 -3.9404205591886825 -4.302414651983794 -0.5239434451592536 0.7230130437803071 -0.5287093978790691 -1.0518773656173661 0.7777946269321062 1.6608180708466285 2.104449748789958 2.7988292446790513 2.4321729284300737 1.032913173179792 2.9924918671684733 1.8998352074600209 1.036923535083679 0.9029927149653832 -0.8453545816207624 0.35448709795658834 -0.6712429024811585 -5.514450778763081 2.2550748633801723 -0.43082793079665155 -2.0419509392424784 -0.32833054096223696 -0.22304610124755195 4.119671933405086 -0.36978624781483793 -2.531489894119338 2.47616804027019 3.2753375434936967 2.520159589223804 2.9676243909216065 2.199243623747286 0.2933467527391893 3.833707754783044 2.4249346499797095 0.8732302998720124 -0.42156246883933796 -0.5662525016815879 -0.4558295349564853 0.6762663798709793 -2.0600632704128183 -0.4294486511598611 -0.5267598896817496 -0.2928668393683072 -3.398057294934538 -2.7447861157739903 0.7782497399046221 -3.000709263815352 -2.8254249121754746 4.705267542647141 5.79367768722582 1.3155917039844878 1.6627195258652985 0.7124357645314406 -0.6215526766002493 4.874028757948234 3.528796944859411 1.6608271122631009 0.7809968901189511 -0.09863715673205398 -1.6006276920479612 1.248289964615836 3.7352096864093705 -3.5330106771428746 -4.326363705399359 -3.0580843010923244 -0.4257773086802544 2.6361585336270434 0.5039619412942038 0.9939601479982595 0.3460338132159332 -3.1522183060026907 -0.24991688134358614 0.9531099667758876 -0.046119967206961585 -1.7873657191545134 -1.498700360825695 5.645671785418257 4.795420985330833 3.354528371049159 2.448867012903011 -1.2312728451187678 4.263110369643429 -0.6017475666513655 -4.8451710982037355 -8.542008699313572 -4.369414622109011 -1.4970571646991546 2.530493436796053 -0.7853888711058035 -1.0239151120319754 4.627032462479114 -0.7982176215793596 -5.43822452089633 -5.760288970248916 -6.108773116979895 -4.495149796501206 -3.4650059839299066 -1.8514572401274072 5.867698773714888 5.373758226172949 5.079774901606215 3.8716647313349664 -1.6383176298433644 0.8595155809411553 -8.196662293360747 -10.077629040989526 -3.5138526789702254 1.2045479367703986 1.1485663654410745 0.09688226445345398 -0.8006827390287713 -0.42098855198602997 0.3536297387166395 2.887993986555179 2.1162098936343425 -5.020100554793025 -6.113521703991972 -4.200858780473461 -2.843567812995651 -1.6498701461297667 5.302276987084073 4.323850368139901 3.2764769620195997 2.3864286405434405 0.8571314532753053 -2.2271119272219173 -9.006284072274678 -7.509338961640587 -1.0933568257113453 -0.4353330747455891 -1.1259659887739535 2.347698904235901 0.7887770862541675 -1.3878943530596382 0.6566947171029722 -0.11718307246823731 -2.0266095729968816 -3.2522502037149708 -1.8309444216466517 0.013019831443401797 -1.223373112047014 -1.2962490008360228 4.144510235077107 2.3283884973238265 0.19434917982103841 -2.731863356793087 -0.06280912785594064 -1.8568660037213425 -4.884521124723563 -3.9074382088465596 0.21119381747197546 -0.241447321572348 -0.6258031539822058 1.9377247614735869 0.5197304250418588 -0.9558029466694025 0.38528185230149503 0.7887356192917121 -0.7575773388801307 -0.8363021371645953 0.1251847196872417 1.2198801135860002 -0.14014590747698977 -1.0365264456578323 3.233830684902285 1.2257045434878235 -0.46572142243752757 0.02610641836679277 1.5846667273885615 -0.18669496018972004 -1.2250934758242709 -0.5177940600902413 1.1740958666804344 0.8869716818454554 0.6621357096748708 1.131932038349201 -2.0872303935896532 -1.3582386390104804 -0.8655848240848176 0.12118323216561813 -0.3422981233521612 0.27840271722143317 -0.5651891635238377 -0.4986535049403358 -0.4864224256352509 -1.0607452367612495 2.8513337639454637 2.2542341472554517 1.9237368426428518 2.398866116789596 4.16613151175743 3.8754814083409648 4.448977324319629 3.4594824165397373 3.703512125675406 3.870631707012588 4.822301154450804 2.382244285681539 -1.1825221667467343 -0.28972251805256616 0.17110955234061262 -0.07149779658361145 -1.4308700076734608 -1.5354118292738403 -2.3171993760424687 -2.3050791671900925 -1.6567478149754233 -1.3555075421121012 2.8303982660254574 3.354967011932283 3.751748627012608 4.235240501678422 4.828504486988496 4.470588928427854 5.8537868990395845 7.411045316167834 7.135674468796752 5.120708684748788 4.808642457725733 2.1868793163167717 0.9411535181214131 0.3821164222964928 0.5621489630788749 0.6456044756355567 -0.25374617349827705 -2.281374889953428 -2.7017288162950526 -2.810915860998515 -2.3663666655158884 -1.6523778898167067 3.024208474179502 3.8770817008771346 4.283451749633529 4.670454371976279 4.98788626900101 5.640547676106276 6.612433898726835 8.016004154379374 8.100602030366034 6.400204541329979 4.701766923466478 3.4155579304139625 2.3193034688910945 1.581386185805042 1.215952459557493 0.6018033250198013 -0.27272708826797165 -1.4612317656994094 -2.382657518875352 -2.624583693976897 -2.3658768062751347 -1.8532725345008993 3.054576883767002 4.400792807758137 4.820517200587991 5.3503481765217105 5.830102122082481 6.5234299123505055 7.35349532529709 8.045345037297249 8.321202346594129 7.73966886503068 6.4270024953423395 5.10439161948738 3.9930190544272905 3.015225256670939 2.128703375265585 1.214493658363986 0.27819828336618396 -0.5607006804879621 -1.227546987248217 -1.6346630367226946 -1.8016983681353873 -1.7473398632503425)
(UseCyclicTransform "false")
(UseDirectionCosines "true")
