(BSplineTransformSplineOrder 3)
(CompressResultImage "false")
(DefaultPixelValue 0)
(Direction 1 0 0 1)
(FinalBSplineInterpolationOrder 3)
(FixedImageDimension 2)
(FixedInternalImagePixelType "float")
(GridDirection 1 0 0 1)
(GridIndex 0 0)
(GridOrigin -67.63677005999163 -79.89402696485169)
(GridSize 18 17)
(GridSpacing 60.15615260413158 60.18908164763034)
(HowToCombineTransforms "Compose")
(Index 0 0)
(InitialTransformParameterFileName "")
(MovingImageDimension 2)
(MovingInternalImagePixelType "float")
(NumberOfParameters 612)
(Origin 0 0)
(ResampleInterpolator "FinalBSplineInterpolator")
(Resampler "DefaultResampler")
(ResultImageFormat "nii")
(ResultImagePixelType "unsigned char")
(Size 890 809)
(Spacing 1 1)
(Transform "RecursiveBSplineTransform")
(TransformParameters 7.034700331993002 8.991262548534536 9.089378003691657 9.106599188767657 8.687851620602697 7.7946342884171225 6.440195406963205 4.76675000596486 3.090201576873912 2.0755067957987827 1.815696670284305 1.8264949229145584 1.9768580270515024 2.3919941337297983 2.998675807605671 3.5306022345157952 3.912160052403098 3.552139559172847 7.876747118831402 9.64729145249029 9.574976220575056 9.11583093064358 8.063219049118844 7.03527899484754 5.68407362682018 3.1235683218305783 0.4380459686097899 -0.7644376674151129 -0.1998506229550949 0.14899322827075204 -0.15490488512477346 0.11767792105457507 1.1156312143855442 2.3344156969667265 3.3754440958566705 3.7183733749508483 7.600846467149507 9.044782410704876 8.81839979197967 7.912888317382298 5.912863044702461 5.771418959182238 5.922755431650803 3.765460792413784 0.7050482327352882 -1.563448922710074 0.5330089933617266 1.1245661187037637 -0.8738239016710155 -0.9869854123902166 -0.4761369351742149 1.0312465664476873 2.6456773071870043 3.6105801015808328 7.135428128711245 8.147135468178199 7.774563907437328 6.524777747954461 3.969203893150423 3.7849633935255467 3.8097281162925145 2.7693626577684105 -0.2177803973641164 -2.98620525657519 1.51777641070556 2.4671980401129416 0.2878181920114706 -0.8428159967982278 -0.3291731791962747 0.1316105226069298 1.9790024854426398 3.346054147953244 6.7177005874483715 7.335776516561829 6.931693883998658 5.841398959501837 4.15849365578059 3.7948956709524064 3.1830043843377496 4.898106940587764 0.7026017821779033 -1.0589893524110405 1.6253386195707038 3.2202703650343905 2.8292327492875002 3.1297104143262615 3.6436106146741083 3.2836665436242467 2.6420476720530646 2.903826145350355 6.380745542219912 6.559826331164282 6.053693359622189 4.991454417274734 3.5782988588762716 2.7816257050506583 1.486786041777572 1.586330540902203 -2.376818833791116 -0.400626690222211 -4.874016335086634 0.3776730182521881 6.934231700579317 8.079637773631747 1.2141799168836707 3.985368678850693 2.2990116328233725 2.305102981325556 6.107946109444377 5.726399645708531 4.873243571887192 3.181006833500208 1.8116498688806848 1.957033784464224 0.1892992958602385 -1.6658557539007521 -2.739511375400569 -0.9867368956043039 -4.562879710463742 1.8033789183134667 9.75762066540704 10.16369901157863 1.8529772313013246 1.189965300755595 1.3187724172333166 1.7327516167939272 5.83721042320959 5.060957068218588 4.002070292362634 1.80843187665523 -1.9224208567850047 -3.063457293801426 -3.7159844286167583 -1.3337546243336742 -3.398870532236319 -3.654534918938979 -3.826979759302923 -0.2456470900576514 4.3654306224556905 5.654224218758786 3.175794711664565 1.3327182880989954 1.0126686551002073 1.208598380394227 5.502929773809668 4.775657015004222 3.882658733897786 3.080010739456798 0.07241869814601644 -0.3751982715681835 1.3808968404758575 -8.606226740717203 -4.7915011481528715 -5.860792234408205 -5.316777646843425 -2.888035170253107 0.4398904663339669 1.8894926052126282 1.1727556336628433 0.4866189669455897 0.3948390538923322 0.738181058654851 5.193796290893797 4.455548751153962 3.1082578503933385 2.7477698870288294 4.367468156349829 0.09180430212066554 -0.1469964992800306 -1.071355443600271 -5.1552107252009005 -9.29488702069513 -7.282625332369105 -5.317014732967302 -2.930446830521092 -1.361086866758198 -0.8963473682314735 -0.6247755028840662 -0.37041124699567973 0.29077956966667085 4.99555337646858 3.7929698458801364 2.4416745363577546 1.1343633134162128 2.5701947154412963 0.8243440348443812 -4.08510481076915 0.3542105613592808 -3.7139366839055032 -10.863177024064624 -6.937731253517072 -5.873234854950542 -4.182614710455091 -2.8226389329606354 -2.0485518129243867 -1.4520700585032875 -1.0531025598801311 -0.1637456943783998 4.785052630159312 2.9661993202211545 1.8819025765446487 -1.9707054532324375 0.24083708698503917 1.2828557414031887 -0.3173875216390968 -0.6928190731953101 -3.818452464652477 -5.263815801033041 -5.92705505157261 -5.099579282978646 -3.8655699985091863 -3.0746875383881855 -2.5028928123295113 -1.9537496279466906 -1.5509419753399671 -0.554234326150199 4.436257123062763 2.4910462052433733 1.3408839232514855 -1.4166654608814233 -0.7793475678621326 -3.1482961712379964 -1.1449166358676872 -0.5898344391248056 -3.687280444060625 -1.501717257368025 -2.6607780338127154 -2.40058253506477 -2.54474651529948 -2.709397156478868 -2.488943713576432 -2.0901647979758784 -1.7585710932472738 -0.8081202819391442 4.139612723067314 2.2267552109439834 0.9064046462469727 -0.8502334451327922 0.5469993745280726 0.8429586291528083 0.6548537732155603 1.3513190379017448 0.2995489364498928 -0.4832100405813542 1.6339268940825509 0.4971340291169353 -1.0175815911583763 -2.005786408452397 -2.1329642937150948 -1.932857162207293 -1.7226138993121334 -0.9411938774582612 4.057784014860527 2.2830437453427326 0.8970258369898569 -0.6661885063670647 -0.8990737209692183 0.6605140981767961 2.1844526378470217 2.7593968968699363 3.286849363708369 2.884369524965917 3.169104017242826 1.7905800631822943 0.015841932145930136 -1.1474942571897144 -1.4820569474180318 -1.4934241441631424 -1.4414655885598835 -0.9497247194677916 4.057112351142274 2.4915166735634227 1.1508114780750205 0.05860606798638799 -0.20352814694996868 0.8951616523869077 2.920699258094864 4.129239271822046 4.886679744747704 5.1394187035388965 3.8184876901243325 2.212266465736637 0.6676459965400718 -0.37747390123549135 -0.8209192415551688 -1.005905580357522 -1.0935635110430046 -0.8859175024307739 3.8237593302269803 3.268234968056104 2.573483157971162 1.9264000812772872 1.6955383544937093 2.2849748175148763 3.54956897784606 4.69063507098642 5.318125902027772 5.154901854930593 4.252048940040408 3.1451307310720633 2.0982007988244225 1.2390736840454626 0.618055743548451 0.1361762288568219 -0.17956768088375832 -0.5299687567389733 -2.260121757757778 -2.3257810168059434 -2.033853412978001 -1.4139126223038416 -0.536920364791434 0.2504417850359355 0.847895485295754 1.2856530282770444 1.7529328335236218 2.7804999422852346 4.251369606994919 5.389203836218025 5.979348609435981 6.231931642491189 6.190269084049431 5.655634725411283 5.013149855173251 3.1090517679621574 -3.056002461457891 -3.200524757047914 -2.810151247587077 -1.917827706418892 -0.6753755128537601 0.3624149126293132 0.5346772278369814 -0.3042396254171984 -0.9445934834325259 0.9017073033204136 3.4453873666058508 4.920573194004078 5.339329536447217 5.465983068362445 5.751541895824118 5.305670595676872 4.413920512629975 2.3128249528834934 -3.17300388060064 -3.318151331353603 -2.9557204597381075 -2.2656157830631662 -1.5202068395910944 0.2505439613389816 0.7730910211093157 -0.13084504298164587 -1.662549147990522 1.522503255278275 4.336199464919849 5.600172190625243 6.079810986537118 4.743914644294877 5.080286687783106 4.543196587975202 3.699159326367173 1.7191550485730087 -3.216448008520269 -3.379211188052048 -3.108885099648184 -2.8275689089626437 -3.1492555219871385 -3.732837512546541 -2.685026879207529 -3.0876417808386765 -1.8482730418134556 3.6534189744124754 5.3527537457077505 5.380758066545238 2.4846622980212563 2.7360335637436557 4.158258694948252 3.0897957117013255 2.4013439789706488 0.8855146998296586 -3.180642961100828 -3.4114255749890656 -3.313710649707414 -3.627274333458214 -4.048336159303234 -3.1283280484025666 -1.3662653540038352 -0.8269021676986935 1.5068091733830413 -1.3636800344732993 -0.23527311479573335 6.201535141347386 4.269050751438516 2.9423440084403176 1.4688709016153054 -0.20169566798766758 -0.44157999116647645 -0.1015241598267276 -3.090995723228907 -3.329978642612984 -3.312104481243169 -3.986947389084187 -4.803435649673561 -3.238412261128878 -1.3628356658495675 -2.1221561639470092 0.853382217529525 -2.5078716895062425 -3.972079070122966 9.20933461291229 5.666833836626277 -0.9334943019429354 -3.0566212928150205 -6.056659565125226 -3.904857909308328 -1.0610880356312495 -2.9290297300208348 -3.0018114800746916 -2.8055488868432312 -3.2012826281129634 -4.2114852003182754 -4.634051698533712 0.04003600756455097 0.4260877759510354 -1.8754515863495982 -3.0760377077533723 -3.496200734165838 4.102495897688647 4.6159442398471 -3.5271068639371768 -6.307111740326504 -7.724378968820777 -5.212905934438799 -1.724151468737957 -2.6105153639223664 -2.494229728030341 -2.1749628256293096 -2.3713923114024684 -2.7479871406221874 -1.6044334273641865 -2.465560206145636 -2.674939191207963 -1.562104662034708 2.2507910005047838 -0.6767330104422652 -0.221453875768796 0.6655795057867847 -1.3151724608756188 -4.76539729610965 -6.062499362396866 -4.786229625358787 -2.0372722910253596 -2.048043916339012 -1.876167805599843 -1.8129106744538563 -1.9543905227123493 -2.5304342211953808 1.2272146433800242 -2.9616861096203615 1.1906965290791998 -1.3158824254255066 -0.3267815310400868 -0.7497572670586061 -1.0560439888988529 -1.16077492098996 -2.2345468483787085 -3.969507367073707 -4.473109118051424 -3.799113186647866 -1.940265247931244 -1.4396173838409376 -1.1842040976075694 -1.0021209606570438 -2.54943265589864 -4.211783080911261 1.4829377999801159 -1.8088697022500566 2.2145408938918782 -2.755772238329841 -2.0558354392847997 -0.4109863820041667 -0.7659570343488051 -1.3277892008771017 -2.0119232601626575 -2.6494402352978215 -2.788633407545804 -2.565685266185121 -1.5230023408190176 -0.9804546257305033 -0.4370434225712313 0.14099234373393588 -0.26760751091243384 -3.695516208428905 -4.927125438610289 -2.5591775603076776 -2.5883555952326485 2.1565209525784352 0.7506050373643532 1.488391482345489 0.6008748638373401 -0.4166372600276141 -1.1107354285822542 -1.369270547367876 -1.3963135074623634 -1.3591979536577832 -0.8744698792920981 -0.7151712296024659 -0.03818326772732529 -0.3294596835747106 -1.1494163921120562 -1.4400127198214832 -3.1187382389467597 1.3443758727851087 -1.4209101306852572 1.6982117019802327 1.3105257169241036 3.831068678164858 1.484546539464645 0.44204770338522664 -0.09066747550484495 -0.2404065644499328 -0.2591667407416358 -0.25732881309634487 -0.15803754609068765 -0.6963757995328478 -0.13662777132586462 0.13345125968525232 -0.0221878230019598 -0.42648965146774065 1.0254844830414287 0.8749447492663897 0.45924439259462424 1.8077529558495955 1.6801882005679527 -1.835271963273353 -0.8818237108737027 0.14213420655471762 0.48580392738336475 0.6221673131135798 0.6603536789159534 0.6616506485762751 0.4625355333966021 -0.6159520473110474 -0.15125946949627353 0.053012126873829175 0.9040474713978875 2.4252203269012447 2.757270159191677 1.5806855008939344 0.3674078441979585 -0.7943163230847543 -2.098760186813605 -3.9490437438960497 -2.4432943835681415 -0.4232577610228278 0.7652567560283514 1.1811914804795842 1.3003676594735203 1.332617493108408 0.9508734693426216 -0.1602053715081061 0.41671118075072416 0.7478705938752941 1.6732309308914193 1.2085881109997918 -2.021349248079385 -1.9126604066117168 0.8121923257414146 -0.27628253663874497 -2.288515804575866 -2.2357138602677185 -1.9197685709411754 -0.3471043063038145 0.8849593041200975 1.3860340507977083 1.5856505972425812 1.6781703836392703 1.2645121664926513 0.31778409510349964 1.134014758488878 1.307913007765275 0.4589081695227474 -1.5702247924597026 -3.266012941163608 -3.3709720197550554 -1.6164619072578243 -0.6765734019184936 -1.2260573098855023 -1.5120684832245757 -1.223926739765172 -0.06369827150698569 0.8949657882106128 1.3848792787133208 1.642868154867981 1.7897378834350688 1.414764599012145 0.746543904032253 1.5536675693834177 1.6763024581563295 1.079046237361215 -0.23591029890470636 -1.2692839464413672 -1.719080949820626 -1.6857977159150095 -1.383151911487741 -1.2274451605880092 -1.164134454690817 -0.759087693169132 -0.0015947207505704604 0.6693956846290601 1.121561537660155 1.4117819161797198 1.58867770342915 1.3282658113912962)
(UseCyclicTransform "false")
(UseDirectionCosines "true")
