(BSplineTransformSplineOrder 3)
(CompressResultImage "false")
(DefaultPixelValue 0)
(Direction 1 0 0 1)
(FinalBSplineInterpolationOrder 3)
(FixedImageDimension 2)
(FixedInternalImagePixelType "float")
(GridDirection 1 0 0 1)
(GridIndex 0 0)
(GridOrigin -72.86204480391554 -80.22037648248414)
(GridSize 29 16)
(GridSpacing 60.058624672869875 60.2522347493059)
(HowToCombineTransforms "Compose")
(Index 0 0)
(InitialTransformParameterFileName "")
(MovingImageDimension 2)
(MovingInternalImagePixelType "float")
(NumberOfParameters 928)
(Origin 0 0)
(ResampleInterpolator "FinalBSplineInterpolator")
(Resampler "DefaultResampler")
(ResultImageFormat "nii")
(ResultImagePixelType "unsigned char")
(Size 1543 745)
(Spacing 1 1)
(Transform "RecursiveBSplineTransform")
(TransformParameters 1.0410160510622926 -1.303240120316858 -2.606692571331384 -4.20684983964851 -5.748891854176163 -7.101026758372297 -8.009542725669654 -8.695159616023826 -9.355040875014645 -9.973734535612017 -10.53843002770382 -10.914190649354957 -10.97542114066452 -10.610188619371918 -9.685908124924437 -8.401071543369243 -6.92042159922392 -5.311829070080556 -3.6268248834299976 -1.9011785638427507 -0.22027913779233346 1.2742257960353773 2.442604882103676 3.3746748594480542 4.163550386531904 4.929389106258874 5.808195687489975 6.471472015476459 6.683105606862416 3.1676531006356776 1.1844634691435796 -0.11389615711216192 -2.007836791595972 -4.37254614188533 -6.492207698242848 -7.531423937397328 -8.052349140812325 -9.061504871838933 -9.568369941849292 -9.655041186635383 -10.38457770707457 -12.07874195055083 -13.886827712705356 -12.468695832115454 -10.857765638343055 -8.745251940135116 -6.275964286773046 -4.479517860820879 -2.0631794307704765 -1.0812330802652175 -0.6870982595190441 0.026350180596070177 1.5088757701954272 3.64945450624899 5.368971409500415 6.465976397447375 7.006398097615917 7.608161609856856 4.056021888932993 2.7504801757642454 1.806203454483181 0.09768704526902472 -2.696736218628345 -6.258668059937848 -9.246001179677265 -6.901053321773945 -9.275887522789303 -8.420502137601158 -6.98435667402874 -8.7833615770507 -10.989134200674949 -18.105771798476205 -14.334686876145074 -12.599025331579238 -10.182358408100251 -7.769515567830723 -3.6979948435051164 -1.334017995656484 -1.4041712882849302 -0.7348070090297735 -1.622016589981362 0.19827514100937438 3.7332176845255347 5.731685737355515 6.374482645355136 6.833201409349282 7.366141511864019 5.127315603554094 4.762127419300802 4.158565201827607 3.0374919558228406 -0.0669811974885448 -6.472022857282139 -11.96971038354432 -5.5534931501525175 -6.992550689504311 -6.608971930551785 -4.547259637095415 -4.567109891215872 -4.099605371456581 -18.081710595560818 -15.846695845220172 -12.847074306431782 -12.508554656284803 -10.842018473919717 -1.3795353049273642 -1.2387537319969133 -1.240556621062859 -4.711806981696614 -5.8611726407423355 -1.4123953045266164 3.1573195053099923 7.066583888552719 6.7978077116938325 7.0980440892530865 7.315777848780398 5.912849575542214 6.596864878198258 6.94695405351139 5.8018765534019785 0.49302372908806463 -3.494507498462648 1.0219847356280296 -0.9503924911915446 -6.821023301742085 -3.899764216662001 -4.398266294347121 -4.468786012012453 -1.403157143373877 -9.676392634294526 -15.874280194182264 -10.355319617849542 -8.229071914999032 -4.840384354502451 -3.5092020988113912 -1.6292454901878943 1.1008140585941006 -2.7781778181318666 -5.7934682443841945 -2.9187921573329634 0.9450566730058937 5.675444803269852 7.273196701130915 7.674934499385689 7.264061596755498 6.347509829477653 7.98628392086517 9.141333060324135 7.923321440864343 1.0292770452047593 -1.7658735603653541 -2.62418068446066 -4.645226646856671 -6.211510358056856 -1.5637103818252318 -5.9932265280795285 -5.8153375920087855 -4.704432549881225 -1.4447289035181188 -1.5868822773853724 -6.301464463440421 -7.12846796432506 -3.428798527335187 3.5590568427932348 -7.245765758199524 -12.38454930777404 -2.03167659703631 -3.594108840206244 -0.24366904218733335 1.1772795298329222 1.8354663035557557 6.423524496508625 7.055789944376128 6.751462672056106 6.331349877596709 9.03543204021075 10.031420432080106 7.683882713346471 3.4308778450731077 -1.5187276760261244 -2.3628034264814257 3.7366589909774452 0.2595637619539011 1.2677886248559724 -1.3795491355073348 -7.513345328229835 -10.45994258258795 -6.164202335279255 -5.992921010912346 -8.786529631373547 -3.9556927416901337 0.27086668776933226 1.454652499788149 -6.712178432082276 -4.571045002119909 -4.160333549581113 -2.21744547984143 -1.8391670729484813 -0.5629858716601107 -0.41338676849581135 4.336359425432094 5.212944413824137 5.725146199586324 5.8290914159608995 9.473841612786115 7.949259658791596 1.90289254585616 6.986658333235644 7.227420870437393 5.471825603664623 7.143734019213591 3.2371799812374356 -0.6697035444443464 -6.6104416791723 -9.479722687479157 -7.765006599734089 -1.195101920682021 -6.393141739699071 -5.886296120652238 -3.7503346421819628 2.5103227766350122 -1.211061205774161 -4.729811621721528 -16.116505502945778 -6.058579189556801 -1.3575110973250377 -3.180563338966468 -1.3302415990796355 -2.2297350552873 2.7756580662616246 3.440963152640411 4.494395141805076 4.9328060678736705 6.501258625016355 4.234179530663837 1.3709424572193618 10.66272025691079 7.144969903829623 2.0151050433900486 2.9642292484942887 4.301886505980242 -0.7476008480762003 -6.554840008759439 -7.998194607809934 -2.6726327506213714 5.784954176740657 5.400769406678264 -1.462818961516776 -0.7427074585599337 2.877236226398349 -2.823022200046597 3.2360086808901385 -0.7520079317565602 -8.351742361983446 -3.2711392495434377 -1.8647583598636104 2.1357883722679967 -0.6570734071511247 0.7170597895748732 1.4856921882248255 3.327954876818215 4.085196221828742 5.662918047094767 4.919941301423008 -3.2728132280378612 1.7151270539010908 0.5795259598465212 4.840787527843871 4.816978688984769 2.315838480788893 0.17530420137692035 -4.434773558649657 -5.377222675856512 -0.6454771294000989 2.9209129887317538 8.264387079335386 7.593574144191161 0.09236273208951987 -1.821027666562349 -4.623215762625561 -0.42424125934861756 -2.509456973968341 -6.35772982661446 -5.86463780691783 -3.2055730938688414 -1.5975186240450308 -1.6584473405284408 1.0999810227492373 1.4652095921895767 2.8520703355512755 3.3450312106469684 4.4689596291688565 5.503104560916981 1.252825833324501 5.927287167734182 10.266665691191278 7.5144968983968345 6.931645516696788 9.86666348574019 10.093909397606017 0.6984212441549342 -3.8092009981377677 -3.3490140899825116 -2.8467072793823323 10.278042104453078 20.415384726568533 7.012257195793606 -3.539393465789039 -6.049823642156319 3.3515782614435254 0.7315775501385643 -6.811480836823658 -10.025174575535608 -9.771324473441084 -2.888497887532534 1.455585337664742 2.526527377877842 1.9379629500616873 2.943970958317256 2.836226101066019 3.795270911969579 3.335314202917616 3.414008783005197 8.516457104464466 13.335256555407675 9.369866093130627 8.48811761448829 7.931080815360745 11.204816867192608 4.573538430689065 -0.05703377409069176 2.5054054018638108 2.797987543826797 0.3142017037573157 12.951369271882058 11.01456497142981 5.629170342167794 7.936915229161549 2.0940057706731223 -2.3456423146127543 -5.9559495024230875 -8.549431038533662 -10.782088507827503 -2.517577347419642 2.392631987444635 1.3898601792360137 1.5828383141733093 2.7917871961628853 2.6080869273666725 3.8286040532686676 4.477632980738353 5.835883034999395 7.087153162374108 9.61199855210622 10.181898463687954 10.516064252178424 10.402496253358663 11.344243889640186 9.391547143559137 4.13885332828083 2.1964195023259365 0.9149941140277268 -1.6204859754917804 6.505566179006822 9.399875807944204 8.902310248381575 12.358139553792247 6.652321724708498 -2.166397457614904 -4.33424849658499 -2.2151821093705872 -3.5801614841963194 -3.8542785164589772 -0.7146750226560304 0.8841045372847819 1.0668829674811375 2.2026718941309977 2.7048942750025757 4.289706773968615 5.246637659384517 7.1746838891482625 8.526596277577132 9.940710761080092 11.237439786610725 12.01418584207642 11.655232698062015 10.041502796953194 9.819095438167116 7.0099550312693415 4.514229083298427 3.197062910958897 1.867146848696285 0.6690881073716178 6.154382588630301 7.9961688881965935 6.757925505325119 5.247281034937587 0.42405398502686303 -2.7488715257038425 -4.312459730662479 -5.881079065181931 -4.915645401818773 -2.7428491528745393 -0.9812111974928134 -0.5431208971386932 1.2428839050939928 3.0099664793960077 5.014648229781398 5.968505602760802 7.345591730527912 8.879576632923946 10.550203634889757 12.126959678700008 13.210552293005426 13.495103833489434 12.87995581833066 11.355970563806725 9.351050606696491 7.375871765339198 5.854973875616228 5.087563024392087 4.760323705951206 6.256873076478445 6.948980163759989 4.803485111950191 3.1061096518771296 0.5108112924354767 -2.3441241522507417 -4.351489232680453 -5.229200192391135 -5.035810580640576 -4.091873725914183 -2.967737376525129 -1.919325375552125 0.36501904666668084 3.0608317004252994 5.525364835813949 6.42678158488332 7.548539768930299 8.842341838658445 10.28161554088449 11.711828959076454 12.776086966591132 13.11120833236599 12.802112645095479 11.932509026366862 10.835388464653581 9.843121737130408 8.872040622993037 7.838365047731741 6.84414904066714 5.993444242298268 4.985113538404447 3.5293168914045223 1.83209336597609 0.04721400624640834 -1.6862575231437074 -3.2186611985778812 -4.301073524035369 -4.685918302957762 -4.515914374508698 -3.879523049209066 -3.1355084318125592 -1.2668222647015386 3.070001770308736 2.5845542141922087 2.233223476887878 1.8103526685396616 1.4514697681648694 1.1248172523856286 0.8227179408386718 0.5761850859329571 0.3316817409851878 0.13033804085797035 -0.008147615017562126 0.0005967033479774156 0.2521133798137287 0.8137452293221082 1.7689316828214667 2.862296621469525 3.848068791987148 4.606289090981011 5.034503181960861 5.239602003765273 5.359409089587693 5.472773187310622 5.65611195284279 5.71476227098584 5.439833997751995 4.9579486909201504 4.302061904677958 3.6536346882991504 1.860347499536159 4.260423685480836 4.325731155019337 4.102498730777325 3.4022842992681253 1.9576953342993206 0.5367447836469572 -0.25032000227185786 -0.3517455361505014 -0.5090468454717948 -1.340523059115098 -2.7732310480200506 -3.762628937704751 -3.3250089403911325 -2.241778539422072 0.08236278733556968 2.85516018409055 4.35519807922035 4.802132798316088 3.767382913789601 3.0362990694144694 3.695736658721689 4.695183799620889 5.357313163213343 5.886857366668628 5.382962175022135 4.3602524759032555 3.55606383288809 3.007772221691152 1.3877137349835302 4.380530700827368 4.885597409001332 4.838506160377397 4.051706629906581 1.6972442822142817 -0.24827043437882812 -0.6954866446993495 -1.436597266174818 -0.3394191219058471 -1.0043551310890255 -3.5302218585609033 -5.398048529753471 -5.800915001873826 -4.1584424169409 -1.1953931505022353 4.697499972455014 6.7059143890383615 6.26975697377608 2.165078518583311 0.4247061949053276 1.8309978414816002 3.1674335227485226 4.2600613330961234 5.5193278151119385 4.6405046236876775 3.1873659243126573 2.572604583069246 2.4218511095899893 1.084696651037982 4.341998476565849 5.508418662035354 5.877018406391425 5.957119768564938 1.6267758249435775 -1.3019741166314711 -1.1149733130712303 -1.8854575940881215 -2.3252635366044543 -3.9560741419698418 -6.5096900717970465 -9.294539139760376 -9.617854693374557 -2.0648022854317265 1.1232948797310487 3.756496994231257 4.313166733420728 2.2178681991239513 -0.19216235639462928 -2.7217357516641063 0.2009960395921482 3.8661026000540297 5.216392601936014 4.548278643484451 3.5453910293024173 2.0451745857544257 1.9942327156661925 2.084547196534345 0.9421543243412648 3.91331131192412 5.791719965792014 7.111416105162208 8.030033778242164 3.9844058377725506 0.014593129792834779 -5.836142195656512 -3.581712111680198 -3.4082934422178157 -9.58616005237668 -11.430054601112039 -11.770973491534797 -8.303464062054667 0.907246990727065 7.747377485329018 2.3920441146470517 1.976758710023303 0.3769081530183311 2.1429619167852256 -3.147255222508107 0.2519432825281373 5.745892329117389 5.283389413932539 2.6368956813885642 1.1595106386501424 -0.8692866693630269 0.4969009431065538 1.8189367889245571 1.128862038637904 3.1833341655750593 5.694986984807535 6.954838947729372 6.2143273231093 4.1049126128307964 0.5933296854344581 -1.0165660109470733 -4.108820031598036 -10.311166717900635 -9.397038000363558 -10.510454790948215 -10.96672008942064 -8.586642643536415 -3.4762785486352636 -0.10765572087610882 -3.123771262456048 -2.8198493697006404 0.18387438513010756 2.684652631625531 1.460318986414635 3.1682441283728187 4.8017957575155705 3.965738173445964 0.41391675449794096 -2.2685065058273843 -0.40810438678085703 2.459173743108377 2.8334532560503525 1.721836524542137 2.1177973849744354 5.028469394603417 6.017692306389147 4.383715288694854 6.234942505465013 5.6774031579741235 4.385174037474032 3.371938777026866 -3.6523707676870467 -5.003410837052384 -8.865440865099956 -7.896265370371904 -4.828355697380701 1.5395232988251197 -1.7383281380541502 -5.888579061018146 -2.810859938637308 -3.442764342025551 0.9584330698981407 3.8458686596337266 -0.030589523602479896 3.3291721746185 3.742291524381116 0.9277755663628868 -0.010598481767723648 2.20115724754264 3.601579943577233 3.777852822425568 2.4676034332392507 0.5919017210313394 3.996979792805623 6.178953378256403 5.363238412638544 6.456699324286062 5.179111919269731 4.170619649885643 4.3556366943585365 2.4670008589416668 -2.8549160277736063 -6.747698815922009 -5.4589874071990865 -0.3204258261312227 -0.20419507651766275 -8.618686250899732 -9.863627644762726 -2.5782397350259387 -4.293007930071885 1.095238367534049 5.994906672483317 6.344867982146429 3.1683182753927412 0.33421741732413435 -1.3770111631616342 0.9248439529258832 3.6031310765852003 3.812839579722826 3.8070604471261213 2.5711599649240346 -1.289150502292751 -0.3082956736028537 0.46168125825690287 2.609074114305958 5.294420903197636 2.2768100294931086 7.2286145721874675 4.7323123904533215 5.622491496106509 -1.8468405688525718 -5.206382130223765 -5.129813026034021 -3.085446289427219 -6.141029672763962 -10.587059224586316 -8.868743419801612 -7.7252564085667474 -8.966274979487393 -5.045960540578241 -0.8530755859600195 3.4985087474361114 -0.1970843704221882 -3.058871940735767 -0.9959730895676427 0.5478280008588423 3.7735143985467117 5.646759020956538 3.1302799555180965 1.984475441557816 -2.857956173138366 -3.9971603126361317 -5.423863659934962 -1.9240916449804382 1.269588486139085 1.6073844347046953 5.321224788634886 3.2387637580706152 -0.5152682765336521 -3.468880962806838 -5.733874914224871 -4.926845250767919 -3.0623115701158503 -2.704004391479273 -6.727219525582097 -3.637603943797417 -5.114259422206304 -5.742732383137974 -6.45904923478675 -8.470569119791772 -7.904028301637115 -3.75841605921338 -4.482331278943304 -1.373265427302015 2.971477118124096 4.205929406178189 2.436074127298098 1.3527009851550533 1.2598525762680381 -3.965732770931833 -6.542142089588431 -6.644180141261352 -4.345444482546879 -2.3372957511848074 -0.3526307288840178 -0.45784568236523954 -1.315662229748823 -0.6427285861102281 -2.76033816486865 -7.150262766344687 -6.7108633090495236 -7.211949517317047 -3.7046862932407225 -8.997808014452644 -6.464568298442146 -3.9023055358848127 -2.9644792297532727 2.1175610172716763 -4.077030140489244 -3.6442524469612216 -4.332337508283041 -4.246798747219572 -0.7075361558649721 1.1375423127010629 2.3063487865230017 0.3780257178768217 0.28462330926074425 0.6755542862509895 -4.53052472643667 -8.13017829044479 -8.963854050496593 -9.607405775456643 -9.167262633421077 -5.388960013510511 -4.32106295002101 -4.7990622297583405 -6.790944696372184 -5.980827073459762 -5.3828198719261735 -1.5632135990880809 -5.469679595905448 -6.998882350732334 -12.854330411421623 -10.365285716730007 -6.015672980086807 -3.0180412675634853 3.942215116455597 -0.7440880004991882 -2.82710357163685 -5.355010884633465 -1.3799680781507317 1.7684452854581598 -0.2500936910325427 0.7117797601245401 1.2299933314545892 0.7788913233798056 0.5643030705045012 -4.588473255351739 -8.72805728190444 -10.998153744854639 -12.40007194811454 -11.944014818888052 -9.112911037255147 -6.614394534938543 -5.230710300090237 -5.024087688424596 1.5081175298665057 5.15665979160916 1.0662620311047806 0.5737352544191517 -4.868765754701485 -5.279675610148899 -6.040292842682964 -6.39135256425664 -9.372160287145391 -8.39722792876904 -1.1313956442729665 -0.44654089827171645 -4.2007818804430626 -0.9230166451096083 1.5331619555596414 2.032722751999414 2.2599921885312693 3.192055530347171 2.185816286117555 0.8185398142678748 -4.252812702943157 -8.098311417976868 -10.0725118434048 -11.170785778678734 -10.274335712009691 -8.825582981645923 -6.851434426794324 -4.617485732777768 -1.1209408117361275 6.2479794813792 5.948527263939311 -0.6124223984535291 -1.5528175987041375 -3.863372606057815 -4.837440153590113 -6.139425628338154 -7.488257548843545 -9.806270588126237 -7.686845432154156 -4.857673135289077 -3.4676646598219385 -2.6030538324169763 -0.35258180242428533 2.3857924649201427 3.249557641112985 3.0068516891646673 3.285218265833647 2.1995926299452297 0.8107749356762896 -3.8590748581905983 -7.002067975372836 -8.08219594757558 -8.770963158181885 -8.582115296861808 -7.631219730253105 -5.988749265037768 -4.017096630267606 -1.9303211185200142 -0.3046572623315302 -0.12478567056766794 -1.1647062520512188 -2.682616063668844 -4.274453829602416 -5.3336467184782546 -6.201659709177783 -7.069106774523691 -7.478160824461314 -6.596338222061849 -5.309061294859333 -4.106844714990139 -2.7604111269330356 -0.8960240638659349 0.984811873303802 1.8407761754804801 2.1464363008274723 1.987924709312499 1.5535491579201959 0.5629543112124369 -2.580053266013951 -4.083633601967374 -4.438431288958197 -4.665302344808619 -4.646383753208007 -4.366140298876995 -3.7241978116142893 -2.934206365059795 -2.2053539153781734 -1.8710755210687176 -2.2651026679244137 -2.98973477668151 -3.647241365471294 -4.221686516545571 -4.6974723349956 -5.103607526763946 -5.466998761535126 -5.598766792084705 -5.321355466392088 -4.7066063449063975 -3.8499990775374893 -2.8327779855263584 -1.7325136336089544 -0.7506934744832211 -0.09030644180723177 0.26631512205247027 0.3100229388805901 0.2136919041715021 -0.05404514154793242)
(UseCyclicTransform "false")
(UseDirectionCosines "true")
