(BSplineTransformSplineOrder 3)
(CompressResultImage "false")
(DefaultPixelValue 0)
(Direction 1 0 0 1)
(FinalBSplineInterpolationOrder 3)
(FixedImageDimension 2)
(FixedInternalImagePixelType "float")
(GridDirection 1 0 0 1)
(GridIndex 0 0)
(GridOrigin -80.39761675850296 -92.58967528572184)
(GridSize 28 15)
(GridSpacing 60.408246725553425 61.93064869102967)
(HowToCombineTransforms "Compose")
(Index 0 0)
(InitialTransformParameterFileName "")
(MovingImageDimension 2)
(MovingInternalImagePixelType "float")
(NumberOfParameters 840)
(Origin 0 0)
(ResampleInterpolator "FinalBSplineInterpolator")
(Resampler "DefaultResampler")
(ResultImageFormat "nii")
(ResultImagePixelType "unsigned char")
(Size 1466 679)
(Spacing 1 1)
(Transform "RecursiveBSplineTransform")
(TransformParameters 5.249438378952167 5.823308570114336 5.708221968862361 5.526329304272985 5.16461186108064 4.579945114986222 3.6952281475190953 2.3823396943353448 0.6907107140974792 -1.1796452598916964 -2.974445668237268 -4.302947379837783 -4.928835969582356 -4.660631050585246 -3.583289936932933 -2.1302690365880186 -0.50574119328211 1.266209169209501 2.994619179568478 4.305250484640207 5.059704327890515 5.291857558511222 5.099561325444691 4.706909092411593 4.269756998927006 3.86036960268349 3.6601889778781875 2.535753087815319 8.249004601825236 9.920728330828368 9.954313176882096 9.726387597705068 8.984124822569756 7.997099612572309 6.753414311977433 5.12089218299497 3.0004097467176933 0.1129726524314413 -3.133797508455984 -5.367798700416402 -6.224899789616772 -5.845795262675784 -4.501324477961695 -2.9407927140009518 -1.2663912710283698 0.9654886348321646 3.279801602400223 4.8058905226960675 4.982059330059926 4.328723420692218 3.3725235153423605 2.7698801331682157 2.6019356000581744 2.402500132443148 2.2187805277863566 1.4873809569356902 9.250047026790988 11.409942091096843 11.428958396547126 10.88076774253929 9.60752746065452 8.229718484918978 7.118154039844023 6.0358376514384515 4.50648570156448 1.253935504384611 -3.1357603610571405 -5.864527110559264 -6.4642504149001105 -5.637501210187343 -2.8475944217739877 -3.697689406554197 -3.826380447713118 0.7010705562821117 3.8501603095411467 5.197618576898456 4.668548125954424 3.026592429991256 2.016079453858488 1.6407165242346113 2.260311482784076 1.9978284220981857 1.6900823034961483 1.0717336252193832 10.260428950228345 12.937867509537686 13.004053013253456 11.583400977035721 10.0739494620663 9.027183840763355 7.723133422814244 7.76542775915821 5.3330764114303495 1.8695128380641304 -1.2067274962058445 -6.032590683717663 -5.6223646907439635 -4.491896044671103 0.3614411202568462 -3.476042505673903 -7.954045845915048 1.0624601578949522 5.309372249108146 3.808429910960179 5.971101659947263 1.1682227558437588 0.9408195944179831 -0.3590806057904746 -0.5981928897496971 1.7122733801012806 1.1236111434994362 0.5544927895595227 11.048526962990772 14.151891179946633 14.832046247788357 13.548641388184949 11.087452243759301 10.883626584269717 10.168917027528686 12.72249724725267 6.189263228629719 2.5455698848618815 -4.3915729723084755 -11.173163059401517 -1.0618291306644256 0.8850020464769015 -2.95627867462229 -4.482596446960936 -3.8531821699721105 2.3740008405760293 4.889384586321246 3.5775128317546994 3.9521346502909966 -0.1009857548824213 -4.534243132812364 -7.333440012512964 -5.458451797681795 0.13578408825737107 0.18284885812121468 -0.023932634082841804 11.638656654054904 15.317511872241711 16.292942547621905 12.68313750859336 12.001210793396055 12.468225724842773 13.57665036413429 12.95671853766258 9.616814613652759 6.2717576223494635 -3.0031076763403175 -5.872327567005233 7.401585046386392 2.6579595237674774 -4.784983502860778 -2.199332480533973 -1.7058130204775577 1.127860172902373 1.6890699735068548 1.260178445203534 4.746713807781864 -2.0115419363729905 -8.05513030364589 -6.651667908786448 -2.475538787382518 -0.879898940213164 -0.8825985151835015 -0.6524544682025323 11.887581945336175 15.266816385230115 15.84231145632899 11.754498990828449 7.750710024330464 9.388552590967619 15.145001848714715 14.395415432335067 6.185980056669966 -0.22135502483937533 0.05149468455805934 2.014892050900547 8.596796352184777 2.509662141372432 -0.040783419351737626 1.1727054428242234 -1.5279255079649 1.00637810117817 -3.1703329148934625 -2.910726840998441 4.8324366201082825 4.993805475076206 -4.87391949503525 -5.442788322349551 -2.8037263889910897 -1.6817655849657394 -1.2091509067545654 -1.259435610174674 11.88387567985564 14.45950903314926 17.284156184537327 14.859531116168755 3.5734314809140346 -1.9747755322136469 12.998852675644029 11.477245652678494 2.63419374718151 0.6688506618005725 1.8528911026274364 6.566692031753882 8.762578626198515 5.354398203733409 2.6753213369633495 0.029302171506199348 -1.8248131193078863 -0.08732812897223712 -4.9157117133277355 -4.982930372063267 -2.598496040766141 -1.3381344193624518 -3.9252007649654344 -6.653977597787264 -1.3922881369391829 -2.034327741098012 -2.2359126030065535 -1.9076910337853343 11.70468284969171 14.341729766392906 16.977035521622216 13.36665384809818 4.8051386620260415 1.2040783249904201 11.022160442648689 11.160616505725699 3.792834637116043 6.018318657560375 7.440275824008469 7.214297913585765 2.11854214855036 6.268695573014545 3.879343462539039 0.06680663558911978 -1.0245490256723846 -9.537042758220922 -12.686912920118212 -6.539819313929248 -6.114124813624864 -7.405294352764023 -4.6778120939048256 -8.063704421253853 -3.334375876689481 -3.4182958916025115 -3.7785828174633895 -2.6462340397971422 11.274418149203745 13.999595943806177 14.485804262844244 13.482095343989108 8.8239717664814 6.176730658635963 8.239040367516889 10.65824150968814 1.116319809273992 -0.881321402535822 8.130723002344624 8.7210477906045 5.0609814859624285 4.707654943380904 1.9122066772777278 -2.454693631589559 -7.913547264919576 -5.418112408982266 -5.261111609785683 -4.943643878055114 -4.986440483973303 -8.769574842087515 -5.9290933808139865 -4.236273033029678 -2.579279727911543 -3.4649596494615755 -4.202080114460652 -3.3091702166175176 10.47586532993544 13.192991632376982 13.309954398080453 13.702459696024018 10.65001391095892 8.964699061085044 6.63215424215672 10.061236099566296 4.4888106893906 0.3818065317538963 2.7673529642103776 3.3099043175002536 3.4849093871149117 1.0250751353869125 -1.117098844451265 -2.2675671891849674 -8.74553530400504 -5.51833890691878 -6.881601608766293 -5.7636719282557465 -3.517389803990461 -9.193381117044742 -8.039417588186483 -5.3051734818898 -4.009921721548287 -5.958159174058702 -5.050831363147016 -3.794398080069722 9.504030434222384 11.736943995462696 10.999505454435994 10.20102863136606 10.8242979986168 12.716200238079217 10.445144327624 8.305317359610958 4.4508832185896745 3.734050672087614 -0.2711475447987261 0.2768259503697555 -0.90007750206812 -1.984399230046359 -3.3990168972268493 -4.875708234062735 -4.919059316147825 -5.564842121200864 -7.530011725956445 -6.279633208631836 -1.3720049496535427 -1.1758621812218069 -6.208825051384922 -7.2508842309162285 -7.954794730756451 -6.729590492627313 -5.805310688919291 -4.150026197001234 8.407312440257982 10.222156161307163 10.031233362585649 10.42471813053446 10.398135304934309 10.186851350600993 7.784828226202461 5.207479832766306 2.5057927330961167 0.049885726543016345 -1.344018719416167 -0.938991994009552 -2.826290196264771 -4.332671945012991 -5.43507794551071 -6.613893298492908 -5.044458617958043 -5.312913487094841 -5.045358162335933 -5.539376122508852 -1.451451732687577 -1.1337235730252229 -4.74386427089075 -6.510905150892714 -6.985015710952671 -6.55247319155699 -6.190894920537728 -4.384216391830084 7.379165842757895 8.873155219917756 8.89190802706784 8.898655215636762 8.317307794676442 7.217809179287222 5.664429493858617 3.72032502102515 1.5213574425833893 -0.6733794877660721 -2.572510639160346 -4.075251756076281 -5.276635363623851 -6.143839156845045 -6.644468345668832 -6.729180522493987 -6.244939662559868 -5.643425169407934 -5.231114517548926 -4.593764077802715 -3.3907196537701365 -3.482728060810098 -4.942993948189521 -6.087004150105618 -6.535373973698352 -6.464607648407032 -6.249666751735103 -4.472796196275255 4.359826411732024 5.099454111509407 5.036383392315006 4.90469788640723 4.539708693029733 3.8358022455395577 2.7738953859075384 1.4655130923179716 -0.031735495842682815 -1.713303051250701 -3.443577993571282 -4.936049435579744 -6.031012946520449 -6.630949404852233 -6.744877879476156 -6.500900638908426 -6.046741032050525 -5.62601838285244 -5.314698566239666 -4.990186994299262 -4.741748666398435 -4.924490332188159 -5.479999159129286 -5.91362247237133 -6.073651394983267 -5.92397307870643 -5.736500828728428 -4.052626972866313 -1.3211122302133746 -4.397585369436725 -5.450290359122392 -7.041522878358253 -8.630430352434464 -10.107732819420857 -11.320659392568752 -12.242866160740318 -12.835453521929534 -13.07303469316052 -12.968738090315346 -12.582595053740324 -11.95414450356892 -11.10507688423362 -10.107513525479831 -9.07736795707673 -8.1453656382032 -7.529254683424878 -7.220180524218539 -6.973293574727461 -6.628070082445561 -6.0104125240686805 -5.143064325694992 -4.269627882068808 -3.522264432551944 -2.9444217492738964 -2.6559768154551295 -1.7737991893289498 0.7280829904114796 -2.4709206014193894 -3.8186929033520673 -5.932542376963885 -8.143278047559798 -9.997254472223192 -11.319954778802956 -12.398367596794728 -13.230637018668654 -13.521799713113936 -13.287871272950381 -12.918659089210218 -12.394047218845433 -11.143887124609655 -9.293417947628344 -7.28893793164382 -5.442316991185674 -3.8994655592406104 -3.816817455498385 -5.971722806567801 -6.699108046740886 -6.107886317265669 -4.712322139448649 -3.2375039834284536 -2.092674935236969 -1.6869921303472069 -1.7974840789216555 -1.622375039178124 1.735431882440059 -1.2634155490249035 -2.7140372094916674 -5.028097601300976 -7.511368211337418 -9.641693354463058 -10.29954842735816 -11.12290592929919 -12.04848066125574 -12.302673833099938 -11.792641840187194 -11.670645349079393 -11.959355610794034 -11.12031673166745 -9.40421072315495 -6.4876796673641435 -2.8190495454073075 -0.1404856947533967 0.5035378056931166 -5.503638643778099 -7.303841833652127 -5.714542882478889 -3.7891696501252925 -1.5929858838596904 0.6423855107804521 0.12875955531591718 -0.8308157003862596 -1.382825797082148 2.9451854746764 0.30774048318612335 -1.0784036924687268 -3.6436071253718567 -6.389281754610658 -9.709852663113661 -8.24945655907438 -7.503013899266823 -9.02880243418816 -10.77840274535078 -7.403512431602427 -11.159790311310113 -11.713993244463998 -12.826663993594783 -9.349930493163091 -1.7904629795506835 2.971678952255 -1.6566682975406675 -3.025717098943421 -7.629109358034725 -9.386932977900083 -4.881833704325291 -2.7292886639988345 0.047444040305956475 4.106862139537083 2.8233832040813516 0.11814110047588013 -1.1226330567680782 4.10831663843906 1.9144352584781434 1.0745556319236258 -0.2357163072665253 -3.3882427850773134 -7.005785510664044 -8.506150743718203 -10.544827092224075 -8.589940915392006 -10.46135876032358 -6.33227329752147 -9.964686409624496 -8.812011315890164 -16.13145358543534 -11.15104832630089 -0.40288342313758463 4.825307924258287 2.2937396991141883 0.058424119866602495 -0.23459886750588588 -2.896474678658811 -2.490089120540174 -1.9670672415426373 0.006762894105320373 5.222844883755285 3.531418789169465 -0.08804030789063694 -1.0020281933658517 5.1401598334095455 3.283073699247475 2.2127159297474512 1.059099700785347 -0.6535767917678249 -3.1637082528494465 -8.149460565372065 -11.487512955680018 -14.173961718265135 -11.03627688877071 -5.3843461424459695 -3.964671810995885 0.281061625440316 -5.960857085192566 -6.077660674562492 -6.308766275430888 -0.5181761601532013 -1.695530453334154 -0.3155482327741363 0.35106735429136254 -7.666826481332523 -2.7155644884585497 1.9507686118284875 -1.9467353691429043 -2.499066812157352 -0.5886654324408752 -1.0058908463307497 -0.9057822940185416 5.844009517177029 3.9342302452977003 2.813221045214332 3.712987826021101 1.5957395660794338 4.251217014278859 -0.7872801998001624 -0.39444079907333807 -4.822745861319918 -8.952305980904791 -5.670533190848203 -1.7097127300449564 -0.1847219992888082 -2.6000478260392734 -4.5941558885172675 -6.533872328447526 1.1877170155245587 9.04782440734129 5.231824690491757 -3.0276226641525725 -6.560156578417959 -6.668176242883836 1.2554765601267015 2.9446444758820856 -1.4104007580735844 -1.783332192647578 -1.1250130387711506 -0.7152672076906562 6.350268956737513 4.3371725677567285 3.327876668520195 1.3398219524259551 0.8948179814184509 11.673918568531473 2.090988501580722 -1.6190113773472543 -2.473837174717868 -3.131474681303558 0.9727741733534564 9.021522394635626 0.9988987381153506 -3.4616226451905523 -3.845169617148534 -1.8089348732092014 -0.15487898370058245 1.3818886298768531 3.234065142619591 -2.613250592862912 -6.193773713370097 -7.978771780119749 -1.6980816476409857 0.9155427100371193 0.2158444188562838 -1.051278681108357 -0.36543453586550306 -0.4249535709515608 6.776303922528247 5.593372594693024 5.753480059422455 0.9601039448785642 0.2075987442072476 4.241591205764843 -5.811734981315445 -4.158619691807376 -2.1876018024511743 -2.3254012816094476 1.0537366910280268 8.167953591213486 -0.43744017423779175 -4.283887918924289 -1.8044727107952525 0.28219165190470524 1.1071175910853863 -2.9276393387671185 -0.0012489276135499985 -1.996482472976728 -2.6824271898153027 -0.3356152830836164 2.881960717107507 0.9325813460245117 2.671091090708857 1.4770127058994722 1.0849268537386527 -0.02925264468978381 7.049283134820073 6.6096507058480904 6.879015901237717 3.5962958788045416 2.3121304540471996 1.5673717988673135 -3.569544480885396 -0.6875849252244005 -0.9937914174584629 -3.534667205036544 -3.693822100606569 -5.1109383423375245 -4.461790399775678 -2.188557062274919 1.1427845320494503 2.9689648268844215 6.027439652431108 -1.542987095810779 -5.224834031756346 -0.01316677389118045 -0.6843824711216906 5.261264196989836 7.334686632794192 6.209653080107531 4.947909072159275 2.7146399593723585 2.250212513419384 0.3518641152072673 7.087833732864504 6.792315293136129 7.126803890736895 5.352524603864356 3.403973227169006 1.3115267973766567 3.812762862877109 4.727727441952816 0.9540450136922382 -3.349432259698995 3.0526554222353126 1.7692636382637095 0.669918372986331 2.0558756352340204 3.7921750516887154 6.001237551284948 6.061202380308761 -0.2947426819486083 2.1599714432380597 0.39216686680604973 -1.0552019701749953 7.48597723859688 8.019525215832449 8.704679022974327 6.491662921629617 2.714653241784151 2.7363100125313276 0.5943388042045681 6.977674178592816 6.724802922281617 6.336122412743804 5.184793417605114 3.2050750622676514 2.59716954458114 5.277021264005025 5.835637380701498 2.6890848515738313 0.4045075982351763 1.7731621891261764 0.37041256229845715 -0.509647749658631 3.537345896207816 4.478022101545101 5.65154421151653 6.40591518854026 7.673133435599803 6.226614777519949 4.275592204008047 4.4192371771471555 4.627695707423312 5.6343486426749445 5.756114004737319 3.7286959066961503 2.8923077758567564 2.829357604003057 0.7481363919121297 6.716246842744935 6.509520678875966 5.8006566335443255 4.317287814626198 3.3308357020872292 4.273373625855104 5.6536923614393935 5.140399762974019 3.3958806623640303 2.233493630062631 0.9447845475606025 1.9720096430317289 0.42200125869738847 2.123326976257535 4.125239372181406 5.697879761521376 6.94116624443371 6.835953115541266 6.014097028860815 5.581929289410313 6.9836079282881345 5.91785686809843 4.340348117772806 3.860881865205809 3.9795417271523776 3.337118777191721 2.815202979662848 0.8645787486410497 6.3673678564219545 6.19010561834585 5.647751467402286 4.94918443186902 4.413295268599018 4.453681854104547 4.852454643576376 4.543991079980249 3.4510019325934933 2.3601375459761846 1.7187354298041833 1.2971861967361251 1.077480057753516 1.89101668687864 3.489387495419389 4.954242284300869 6.049934213363949 6.583666046501239 6.3074876633953965 5.847233604306551 5.541822442212755 5.202819971087334 4.74067780434326 4.29055701119049 3.8154435141112475 3.206276337864843 2.7595013626204823 0.9279564826560232 4.824232084177328 4.975348006026651 4.697899530878145 4.424163717561957 4.1962627126920555 4.060183394277743 3.9493058701326507 3.6419933569992247 3.0993869058750882 2.408986519897823 1.7173222577773404 1.2978299046766526 1.2936456884348 1.8082129539515222 2.7238533535313785 3.636035971060937 4.352741494862995 4.805427285527864 4.9651612501837254 4.883443632238093 4.614185118730095 4.237866158286484 3.820340083074771 3.4334305537695284 3.0920794492288364 2.63734613476112 2.2670361383183595 0.8696215830589304)
(UseCyclicTransform "false")
(UseDirectionCosines "true")
