(BSplineTransformSplineOrder 3)
(CompressResultImage "false")
(DefaultPixelValue 0)
(Direction 1 0 0 1)
(FinalBSplineInterpolationOrder 3)
(FixedImageDimension 2)
(FixedInternalImagePixelType "float")
(GridDirection 1 0 0 1)
(GridIndex 0 0)
(GridOrigin -75.7331050485607 -96.14165435344061)
(GridSize 22 15)
(GridSpacing 60.496028384350296 61.3569615200271)
(HowToCombineTransforms "Compose")
(Index 0 0)
(InitialTransformParameterFileName "")
(MovingImageDimension 2)
(MovingInternalImagePixelType "float")
(NumberOfParameters 660)
(Origin 0 0)
(ResampleInterpolator "FinalBSplineInterpolator")
(Resampler "DefaultResampler")
(ResultImageFormat "nii")
(ResultImagePixelType "unsigned char")
(Size 1120 680)
(Spacing 1 1)
(Transform "RecursiveBSplineTransform")
(TransformParameters 13.778064779729403 18.920541407859925 19.868854260584648 20.960904722595128 21.181540606122034 20.267212434414166 18.17228360698216 15.410220605705256 12.292513989618369 9.102267729686123 6.0974588869974395 3.620527486616862 1.5662094531096888 -0.7792846530416729 -3.4602962813656424 -5.964225225987303 -7.936161087792101 -8.9072616281716 -8.876453749197161 -8.053385910309897 -7.212761106593293 -3.720654697564648 18.777888348943705 24.940855700830664 25.85671872402397 27.15373805947541 26.411518173175736 24.545958815996386 20.98376229022703 16.8506218371839 12.548991807635856 8.64821573608058 5.299641101920956 2.476266727294917 0.5644860201946617 -1.7196900158285833 -4.4800756553009045 -7.119502106848906 -9.705302115563219 -10.894772430047661 -10.799717538360674 -9.784153558128711 -8.829729795149143 -3.720884924057021 19.843399784217624 25.535267307893655 26.378706219250123 28.144219859641904 23.96879122177302 23.142145433671665 19.206695355570528 14.886465280511079 10.893236762736638 8.086073531739643 4.357695662857717 0.8962333244319194 0.20642506836142013 -3.8891543434696416 -5.860836920452453 -7.478646812140999 -9.19287159918956 -9.75057550503134 -10.193290360843447 -9.324673385600395 -8.739367474200709 -3.620271018990124 20.673286696758755 25.50701979823124 26.195886150752845 26.971449790149016 20.921755657655858 21.659126335261018 15.135354600683522 12.534503983081585 4.778497422863301 8.174614963465922 3.0213389022558332 0.4484609109335014 1.3252243783545345 -5.978924246128724 -4.481569981264336 -9.629889447484194 -10.689272574603546 -8.143521203808314 -12.12516069924081 -8.30423753609826 -8.269384751304296 -3.386909931110572 21.164707994212403 24.96597673435495 24.576983729724507 22.398095449716564 19.07231634718223 20.762409713789683 14.613963889844994 16.19019203933267 3.302903142923759 11.40935970918081 10.256138462118237 -2.9647593681231164 -0.5208071315621516 -6.321373398424238 -4.1537559076266355 -5.457607157060262 -10.516236825134834 -5.755914800231607 -10.882046975365363 -6.3226758374468455 -7.3877072416617455 -2.975310261423485 21.45007100138766 24.214813294008586 23.323363080053273 21.963222141360447 19.283052436779364 16.889320906937744 15.943195511176654 10.653522250116913 8.043563617946395 4.857798844485366 9.08733016046293 -0.8929359408063738 -3.170200254649153 -4.837209389296939 -0.7465630174062123 -5.848335158640857 -8.226974709926838 -5.006902803705613 -7.965943257270239 -5.208400734125109 -6.178188484436368 -2.1324990522420717 21.38884365595068 23.22806789921023 22.382138132334912 21.062896108649678 16.811538259685793 16.52340183192011 13.176737877442068 12.260438806203092 6.121368082319604 3.8535904848733877 3.58718099214427 -5.9394282988470986 -0.6996706345632809 -3.6773645776068835 0.047750536433587044 -5.068919029230569 -2.351134551958278 -1.7204719384093587 -4.172881067469607 -5.796635709382664 -4.5974698936853216 -0.603003240357607 21.103198748661228 22.602041611429357 20.499292445085228 18.339249078741087 16.929189622051553 19.03703293508132 8.536672277459472 4.967972753810831 9.380248275649347 13.394689711147418 1.9630493396474002 -2.4554688261871154 -1.6216334918709916 -1.4926842576973873 -4.945015125965774 -2.303437157148751 -0.11535161711179583 -6.769752072975666 -1.6952204121942382 0.14179646869761867 -2.426111907860532 1.0524588056400948 20.694470941010913 22.60208431796044 20.017601456856443 15.792048976644054 16.259882634423562 6.552616567369112 15.303381018600883 5.332930881150058 6.171996559755605 8.068223931454739 0.48938778067708666 -1.9794703484959204 -5.1332123059605665 -8.21240911011386 -3.2699627407982206 -0.30175964593410387 3.5447558791532736 -1.8763993750116819 -1.6488212027131635 2.4492309842190485 -0.3473024851134076 2.2716748373073723 19.75677357097523 21.88129407291243 20.22860598181904 15.950726275233508 16.629007118103466 4.0969322441047975 11.394808380471659 9.457466665389038 10.137099659877979 5.390229554546313 1.5180145853212774 1.2552745254164037 -2.9661813869132323 -2.8563396859494405 -2.747031119151699 -2.55511958427215 0.1722632664746722 2.1726515986379367 1.9212860304475163 0.2154492490224972 0.985864099340709 3.200369635810465 17.860337328861515 19.55857975713445 17.80870768884466 11.42830502045818 8.431743961750476 5.402776941510367 7.761421403126424 5.554834522395572 7.43506473467516 8.318069818237726 -0.5013071507819601 -1.0182304249093121 -0.857020969890557 -1.7166611492909456 -1.213026479241283 0.7226155095804789 -1.6538779619069406 -0.7217121700633149 4.920320273926818 0.6021547402267474 2.0726561511661763 3.9872210856236707 15.430557916034074 16.225559272533825 14.393253673155208 11.294820012655979 7.621183688707616 3.718568612222161 2.8199906962954673 1.0603937145897773 5.7662821610583865 7.4466299119652914 2.041304237128952 -2.5618290542570032 1.905666029858707 -0.8976602705535967 0.12549903494954073 4.65064123456982 1.4812236974358346 -2.6725884614053053 4.30626611332353 3.170912183158548 2.8123921319915497 4.641964455924641 12.583685369723005 12.299999422573693 10.237867139835016 7.378056666955983 3.601819456813744 2.59152413796015 -1.243953540821796 -0.37588186253112876 1.7757208143076657 5.819094594999816 4.333986365233086 3.928772460608723 3.001970977530649 3.213427400483747 2.571528466761714 3.683759449777309 4.8437645728546315 2.6979430074598088 3.745958318672641 4.004323076433033 3.2868149475378514 5.205504942368984 10.029717309594028 8.902448426794363 6.676030667092803 3.893527370369855 1.178877647209772 -0.9461072416646136 -3.8053903221592664 -3.2470435355067035 -0.58016111416988 2.0954125930487066 3.674474638852155 5.10400621958818 5.121181727391509 5.8984485110509635 6.673643737846417 5.796038604890458 5.580235917714388 4.7415168513300054 4.066467912674282 3.836950361488355 3.5592218616628006 5.608640782535678 4.167221616828221 2.5931471882107147 1.0943740842623781 -0.7143728544772411 -2.327930423998126 -3.6404000991563303 -4.330655097524397 -3.8337589759681547 -2.1365164025273713 0.3139312890309525 3.0018714335893493 5.061677635070561 6.233138011792285 6.846945628604182 7.039491428492648 6.78505829725483 6.256328528010953 5.698684821750322 5.252514332460575 5.183122324681583 5.350678856470189 6.2247370655510865 -10.75171709717762 -12.604845536726923 -12.123230610088914 -11.26437007954352 -9.988066414622475 -8.993056667189595 -8.457144009915732 -8.343801635330484 -8.33398523611913 -7.560915676799922 -5.934409757393795 -4.049664101872795 -2.3144887262949667 -1.2001315424348793 -0.8054772199331278 -0.804557897727317 -1.1444201853721614 -2.0202568006877373 -3.279451557336372 -4.441332737799883 -5.207999945674428 -5.806888970678858 -18.231420115865127 -20.890865505372904 -19.837608929233262 -17.8931057611416 -14.382619227284183 -11.724970315394625 -10.23994202352436 -9.937241874920655 -10.401039605393958 -9.614711272858337 -7.126132893171415 -3.552900786225687 -0.6795003526295824 0.5202298321704234 0.3538192150071199 0.2740688178195598 -0.3240470680088636 -1.4623190843705562 -3.7787885100432743 -5.98352829670199 -7.404667436623446 -8.958034533776251 -20.670482712480503 -23.320012318622084 -22.52813172853605 -21.00834153089514 -16.351496851782798 -13.348659845527255 -9.768822721148155 -9.894575712859048 -10.687760140185423 -9.676518412931859 -6.445282095525296 -1.458826944453731 3.3545866480693354 2.7069438670002093 -0.8535258647985906 0.6332357147178246 -0.1958121834521468 -1.434346762407325 -3.9361764207061847 -6.268043567307418 -7.761040636916018 -9.694134080097912 -23.033144152461773 -25.439773324597642 -23.83474167136256 -21.029096166234947 -16.398715560770192 -11.854709002467002 -8.113755303201591 -6.255390532702945 -9.183612559810872 -10.354131495466051 -5.6445509136199545 -2.7267190292323233 2.605726228588737 5.651521478889621 0.7159352659780065 1.5781183170483777 0.10842444021231014 -3.9053365095866983 -4.64484040896682 -6.135808235509309 -7.7060766247498105 -10.194694764664876 -24.69129414992547 -26.580339401831957 -23.63579780873813 -20.18811181951555 -15.879467832345856 -10.93997355524606 -16.37279271942541 -8.546531879969573 -1.4753991820688004 -7.919270607451264 -0.5811012595848105 2.1706224999739847 2.8157137550448406 5.415162081242389 0.45208009431009943 1.9896365597987786 -1.492240612273647 -3.020940474076588 -2.1322709119392 -5.134027847552553 -6.96404830163035 -10.250207482699622 -25.609219460529946 -26.963712022154173 -24.016202933919118 -18.659144335367714 -14.595740480970699 -10.233766417556486 -6.537898722781387 -4.412256925533179 -2.5216753290227927 1.9712695471110007 6.884174317021355 -0.9823936357636662 4.757847579198027 4.638432121152507 -0.5390871377683537 2.883096840397014 -2.1805236558314895 -3.7344971343309354 -1.2412619373354539 -3.9318086608685694 -6.055659039743309 -9.941641993575837 -25.349718125172114 -26.330536080151838 -22.824736025140233 -18.570106269016424 -15.010106682827962 -11.853690729644583 -3.7128164998393456 -7.009660424738832 -2.2244332938565226 1.2387888657735968 0.11896824646452414 0.019520783861428397 -1.4007882250048902 5.526526975525497 2.6784782220714267 1.2162379837873132 0.7678634581882975 -1.1674322937684616 -2.5690950858182093 -2.9908045821518647 -5.374886613001355 -9.1783090887896 -24.22992725513248 -25.532327406561347 -23.227820873811385 -16.375937152802212 -14.567675807494062 -7.877731455345348 -11.14427211135234 -14.108356874851987 -1.0597338725158123 -5.04380173515196 1.391718264171734 5.530698274556903 -0.6141746387400318 4.5207684686934595 -0.21595199354445846 4.668806909524941 2.473868957303821 -1.7552171851593128 -2.895455847352666 -4.383967569068088 -4.8253000690519965 -8.252330971029963 -22.536452529940494 -23.513912646969377 -22.956359307821312 -16.212524115502706 -13.694501534871183 -11.010760891264292 -9.984588798603601 -1.5791414254555833 3.205773765279444 -2.969296909307155 2.912279610205937 3.1755617283739825 4.546912558022917 3.975005452471217 2.9750542870858103 -0.3424918241014424 -0.4221167454551285 -5.292288722228441 -1.978793556066274 -4.1887525275555335 -3.9790759259317374 -7.442751902751769 -20.68719536647299 -21.119641343621325 -19.30171157381149 -18.558434562694913 -14.291964101093596 -11.877263487991748 -9.359915402725626 -7.731190216923075 -4.758421731054707 2.291784334084671 1.801888024195045 4.7778363167544855 1.344477262599335 2.8261819782883193 2.3503664711289076 -0.2807685180879026 2.391096143906391 -0.3519353271706815 -1.1006013385439928 -3.788035669190737 -3.7281355922458683 -6.98607428117434 -19.079098128665553 -20.09556893589102 -19.30531044747649 -19.338627872774897 -17.72995422379697 -12.02184712971977 -7.961677447970222 -3.903041552797004 -2.1938327523823378 -4.118869187903324 -2.244085053550055 3.30475295932723 4.378498064948574 3.170256667515541 0.769116504143968 0.7726082561352081 -0.8440198800248447 -0.5977624772069736 -6.140430326555666 -6.074523243822176 -4.887646503586163 -7.113717581939676 -17.81096088790508 -19.611989137109283 -19.63010562509535 -18.917315213185653 -16.590737089923834 -13.328755150453041 -7.787500776960567 -6.221284520759744 -1.895868154934141 4.419420413526799 4.835263694493127 5.2089035128550485 3.3934365313189225 3.9363116744490885 -0.6270168697010069 -3.9132939447678496 -2.778384470737678 -5.191544460217186 -8.08308302799035 -7.454258397514428 -6.4939848989698845 -7.592318337154611 -16.712738645955543 -18.938007192817224 -19.24341275365374 -18.692038662367686 -15.813245029128236 -12.720561452965121 -8.507505926462176 -6.576190601636063 -4.267438163986554 1.6882807830610327 6.144923428098967 4.397083959815507 3.8090437601964062 1.9698541631817346 -3.069496170276235 -2.8814893011838376 -3.952642412316458 -4.843494665215184 -6.954068245472647 -8.416358251185898 -7.645472353560998 -8.12645173894759 -15.643015040936275 -17.9895905830612 -18.303896217947823 -18.06913215112607 -16.623260654372633 -14.01697223580278 -10.179885299696398 -5.540061132981552 -0.8117580690150357 3.513954145381859 6.251838101023568 5.623158644462965 3.669032747543194 0.5532177785270599 -1.6059626801050748 -2.9846555850369185 -5.746179673540748 -7.011487911662694 -8.386792382349121 -8.83459598525781 -8.150409325021752 -8.435647418906786 -10.717529924694619 -12.417504447517981 -12.631716970313052 -12.580187795493122 -11.777304221076827 -9.961508087760782 -7.161693253941602 -3.7321757721155677 -0.2515118620099304 2.2303998245665815 3.3279913558606307 3.1675318565381656 1.9440662918966993 0.04184265278379964 -2.186453417193575 -4.378522471733389 -6.240039574135404 -7.411035069924272 -7.905112290348384 -7.866558177220671 -7.535677615502069 -7.379103048330507)
(UseCyclicTransform "false")
(UseDirectionCosines "true")
