(BSplineTransformSplineOrder 3)
(CompressResultImage "false")
(DefaultPixelValue 0)
(Direction 1 0 0 1)
(FinalBSplineInterpolationOrder 3)
(FixedImageDimension 2)
(FixedInternalImagePixelType "float")
(GridDirection 1 0 0 1)
(GridIndex 0 0)
(GridOrigin -65.44403014661395 -93.57815818182723)
(GridSize 27 18)
(GridSpacing 60.03617006419536 60.10448865620779)
(HowToCombineTransforms "Compose")
(Index 0 0)
(InitialTransformParameterFileName "")
(MovingImageDimension 2)
(MovingInternalImagePixelType "float")
(NumberOfParameters 972)
(Origin 0 0)
(ResampleInterpolator "FinalBSplineInterpolator")
(Resampler "DefaultResampler")
(ResultImageFormat "nii")
(ResultImagePixelType "unsigned char")
(Size 1430 842)
(Spacing 1 1)
(Transform "RecursiveBSplineTransform")
(TransformParameters -4.503281790785833 -5.203398833440809 -5.207289177728455 -4.992232909041647 -4.48691755726941 -3.808600300544534 -3.0343996761489476 -2.348827748958853 -1.9245435014742274 -1.7544209996131719 -1.8318103966290311 -2.0602067243911772 -2.3455543264365892 -2.622213776037045 -2.82449812212499 -2.9965951569717237 -3.1826813748845186 -3.4006503612698116 -3.6684130599023423 -3.8816389860477014 -3.935526714290193 -3.6842081245865095 -2.987390264792728 -2.0691401483050873 -1.1046416355842401 -0.36304307248140144 0.4123555379386934 -5.7642720961926575 -6.735802361503176 -6.713029535351051 -6.2302295497395885 -5.0397350105693635 -3.5544248772942577 -1.920427997470215 -1.178527746334211 -0.7082774837148422 -0.42116696720973745 -0.9402935529283147 -1.6847890733592528 -2.6609674955862115 -3.4252075178671917 -3.5076885343163395 -3.139487053617464 -2.5524907584880996 -2.1738931812686153 -2.4354091812712575 -3.0841889365602233 -3.522694090760085 -3.233042894954528 -2.478968027994946 -1.157991404753889 0.34186158034457287 1.4735905286165276 2.093026943328267 -5.901170735077269 -6.890501352583009 -6.865702187817675 -6.19819067316577 -5.58309407776615 -2.9938378069474787 0.7608368807610062 0.27827431038809336 -1.0035795804347516 0.6930969536148461 -0.15830859851071807 -1.3028426370498136 -2.6446139223801888 -3.7166739592047993 -3.77694417055081 -3.003891485291554 -1.7601976474858034 -0.8427950511611033 -1.0505476320494367 -2.1854100462023007 -2.532499043057703 -2.1222358119380447 -1.9973861982171102 -0.09963961331903387 1.372421822582982 2.5411743165639233 2.869854159780727 -6.035565084458592 -6.968776109798861 -7.133358056417041 -6.881816989926834 -6.170112431712594 -4.5308977686471135 -0.4433721576592208 1.0018751117448024 -1.1740603154413018 1.2839218214243675 -0.1354129835785575 -1.45052825783137 -1.576252656354974 -3.3590405666676 -3.475842880004255 -1.9629000048913958 -1.0550236819322747 0.49412370392392413 0.18679678019896187 -1.143008496268203 -1.2970441418750533 -0.9393656538162672 -0.45746451499117896 1.8047020090402695 3.179504244278031 4.267563064428535 3.9465205069043363 -5.970231444959528 -6.700667401911797 -6.332080784063142 -4.74693364347026 -3.8248584656278197 -0.8232288340143489 0.6441120223406374 0.5206551441301286 0.7343249067574956 0.5371748958253479 -1.4564126600189538 -0.9821512929926719 -1.2568787285170429 -3.991256466899434 -0.8591131689039984 -1.5840624990719507 0.1813545043510791 3.194371154704439 0.6796958481165247 -0.5011648264587648 0.07343484209916189 1.3887595578775 0.6585465213159083 2.969419496395282 5.550646910284213 6.092745667257435 4.918550333367581 -5.755825457490856 -6.138376669742878 -5.19992068739356 -4.449321074351825 -5.802634067390792 -3.6602434934578367 -3.12297305807081 -3.1059335913613935 -0.7434598261646114 1.1844000322507924 -1.5044392128165802 -1.6780131135709568 -6.207413348586247 -2.568825115341575 -1.4052459636294803 -0.11180323882654823 -0.9052621630351845 4.369451062705461 2.4838097081185952 -0.8264992208943048 -2.496477035978891 0.42282834473771425 3.1216012358337335 3.7050449681847537 5.486936896892414 6.442967204111409 5.485934570084845 -5.4119574536303 -5.446542460040733 -4.160843024957025 -3.3060368077168163 -3.6440419163037516 -2.0681339968776657 1.926147368493731 9.748093655721153 2.802053877534541 1.9221906075600945 -1.001072136797562 -3.775760243239763 -2.8077998317206183 -0.9701841952041326 -4.5259563196936305 6.962733193496124 0.5716752081754067 -0.4931219377968722 4.9250689693256415 1.5323148993906113 -1.542081887471738 3.2034023964151177 3.563278337374838 4.869025246877455 5.360823397168879 6.15719986945401 5.628692816773396 -5.0526264525346996 -5.096998958438652 -3.4087547366312414 -0.6947259136125012 0.2708345927948091 -0.6872149109632002 -1.707561915792135 -0.8786342045393475 1.8801440402046168 1.9597735994194243 -0.1298969200044996 -1.1338108928274269 -1.667946449507411 -3.7608454454601112 -3.721667716888905 -2.774949044148496 2.3706632821411424 -0.30870328495372845 3.5838895195438907 5.582021507834353 0.8776327593763888 4.488146979352609 -2.193142925265799 1.8637614835152934 5.575614321132969 6.5017682149100375 5.620352824677336 -4.6558774537135 -4.965526583268845 -2.6509073455270893 -1.8557758831101012 -0.8326729840617229 -2.7398404324434655 -1.4986711776024828 3.297787809221255 3.2127674107328574 1.7799333085388789 1.1555700731819998 0.21391974579901799 -4.390033927827667 -3.8637469912440356 -2.7144864489931173 2.2304770811272863 3.1351408560832037 -0.1722434886731978 3.712660912952062 4.214313719447463 -1.078210446130804 1.395483081475741 2.208882317953328 1.0212027900500873 6.437970625648832 6.7351985420655724 5.506754418365166 -4.055690175542846 -5.671145106787004 -5.690591747685392 -4.267948277074812 -9.543686227109102 -5.213899523067851 3.4834990908995898 0.6519432423317754 1.526290600771685 1.7434456785923504 1.4381377946665177 2.3475619531099072 2.1335547070520926 -3.0558575702040103 1.032701798071596 -2.8311948043634794 -0.3449518143839236 -0.3246661133795127 5.4725703348205785 2.887307330793017 -3.0681381897052535 3.8142502312228106 2.731819745743078 1.6374663371945846 6.072859454183933 6.669625683602452 5.466980352847376 -3.152667887965028 -5.091620348870156 -6.738853708796858 -4.819260601795846 -6.261641799173942 -3.598549795295005 0.2292381961952564 -2.2640759021644103 0.9042208383204491 1.281241331823814 0.5937742441687542 -0.4665540337861759 -5.724557030121744 -4.219289643244124 0.7356198426742105 -1.8448496871528883 -4.171872312824801 4.542127538870642 4.568690616172614 -3.3253814356140747 0.2653989332857454 -0.7084444109676702 0.5832553026733485 2.4380441185193433 6.230386028757741 7.568301960099994 5.54456080112167 -2.072943664903307 -2.8563866420421093 -2.529155088422608 -0.36297343900365253 -0.33017183999900723 1.8949431604310527 5.477763208000611 2.187016017436034 0.22790861756945147 -0.42501003744320637 1.9449723253247282 0.3898218249618039 -4.901952416855566 1.4319903876572788 -3.4062781005486125 -0.6177644731854696 -0.44460659039140793 -0.19367781989998478 -2.492774915105005 -1.7498743746535683 1.9544621687814465 2.104811217254117 0.985468256025223 1.5531991415903081 4.351090935081788 7.226557941668179 5.501837447387608 -0.9476638998801796 -0.6507288234760416 0.07358628008751827 0.3458714951449881 0.0688319571727324 2.342870691736901 -2.606699586538663 -0.7809483334943311 -1.4246481520971577 -4.45636704613757 -3.097231732765334 -3.2527270710252423 0.43707308210395085 -1.5675605272580282 -0.4685936295123714 0.22547064463685335 4.283002604950089 7.287787070106548 -1.4003990804355062 0.502345625773573 2.0536454918082683 1.4226668262412436 -2.3351994021407902 4.199134195047452 3.6750216607521167 6.052305567266394 5.219627922137044 -0.05359286072256236 0.6590823063186473 0.04064696319833607 -2.103624478273762 2.3185239740847132 2.9388104467611114 1.4356661111541882 -0.8597407005861254 -2.5183006246122073 -5.112007644111149 -5.529001237255333 -5.787736047128917 -2.771257572965748 -0.6526290058362677 2.7735123837038573 3.15301904770368 5.063418150109802 1.7603630688534824 3.507589632437798 0.9032288524912336 -0.6458999693610641 0.6375664396713471 -1.287954375094427 3.0763232521714587 4.356499404441067 5.857503123227965 4.513342027528309 0.5346695826030208 1.0002330872032126 0.4953129549607411 -0.4373657866620274 1.038253896994533 -0.4081758007937124 -0.37298136631474516 -1.3429371709996996 -2.221160435556498 -3.840942696273211 -5.427852294420579 -4.099210302621553 -2.497873228661335 -1.5537766536397444 3.2977534973650173 3.957066067365431 6.311818601580476 0.12769012952395914 -1.2985295735863789 -0.4294771632916239 -1.0176080407514891 -0.44691064543261455 0.5552104992942117 1.6039957625997967 2.9628081710330414 4.211138975280164 3.3817150374408627 0.93627082696852 1.2567985019373784 0.9787250842466767 0.9631433832995893 -0.5948594819906289 -0.9639132849275636 -1.153880466120514 -1.9958456508399312 -2.1161571861758146 -1.677555854459958 -3.9988062265991617 -2.853396050609494 -2.360215974455701 -1.3061971513466826 0.9894389519127778 1.5342598150442561 3.2426732706461263 3.0065396298640725 1.4960543763484793 0.7149804105213321 -0.1396384171912314 -0.5557582201898853 -0.20691821562739743 0.7493765062097685 1.9952443076419366 2.6970128772573845 2.1403195129104198 1.1854911884703625 1.6721055865422536 1.5187427771917053 1.2389549702647178 0.31736340321551176 -0.47672452986231356 -1.41708683395643 -2.3566201741692008 -2.980480631530864 -3.065639767251664 -3.3144517472418427 -2.8971731325863477 -1.9249954606911341 -0.4354881035744702 1.1821662461693747 2.375984767367854 3.2019759701250523 3.34212476625113 2.71021750954771 1.7365423029861033 0.7282392977167315 0.07820107365789841 0.17793658886141364 0.7320977844164306 1.2904565716777736 1.5837745461922246 1.1910844952951296 1.1511965723808721 1.3699888754382223 1.1830717736059027 0.7909811621386691 0.20091600170204363 -0.5553013792849806 -1.4608029007132737 -2.3026955935810944 -2.8690976189169137 -3.051318853157009 -2.738852051741454 -2.066699141888964 -1.1709853499459149 -0.17841008295586516 0.7818555441012898 1.67751987115615 2.492723977346929 2.9309495306769002 2.6916157854221265 2.0379668019700636 1.2330250004158203 0.48326215744781453 -0.0049434660561584205 -0.26210605335574727 -0.32084640306643253 -0.2946341577393959 -0.3151726152146742 1.2778631552301873 1.8078959166740394 1.7908367851039821 1.6795174623910352 1.5096076710005315 1.3150288950953346 1.0978013259134596 0.9217298938056709 0.8534253649760427 0.9452633347242391 1.2478376505684137 1.6162325511396298 1.9063364769374607 1.9860339527414885 1.723189215347817 1.2454825025705618 0.6806063293114644 0.19836696030810802 -0.031425320746889016 -0.1281405279363827 -0.2119751529798216 -0.36093855696964977 -0.651819723554811 -1.0210869411719063 -1.3968519649002982 -1.6517238968122205 -1.5501205279464056 1.043592113925286 1.7148188899319063 1.4972679482341287 1.1288095767220996 0.7761520471627373 0.5202539235276369 -0.09478018531894343 -0.8505170841090606 -0.6968128269381763 -0.07213577002124691 0.737006142721241 1.5257570191921614 1.9426145501750869 1.9378988025036352 1.46436019886581 0.7325872548068316 -0.04702159369152136 -0.5536381222323467 -0.4655702223133277 0.020436723554949732 0.5496374754002734 0.47670297373579235 -0.0727345361078524 -0.9900175529317969 -1.5533434141658367 -1.799422397756686 -1.584603474122506 0.7886147077897304 1.4926444632270184 1.1347289239262437 0.6914272444494658 0.019449324054867576 0.45611162625535673 -0.4058753719736408 -1.4248301816980775 -0.9727386533770661 -0.03309266328522804 0.6706398756580128 1.5144635928569237 1.9344131010452486 1.8891935572973106 1.189133247629807 0.33489761231228343 -0.6812016844374642 -1.040367432737111 -0.6674945220565546 0.4073329270453093 1.2597971754248352 0.7801913968643425 0.5349648557368935 -1.362623013662296 -1.5711044513436367 -1.6841272331244204 -1.3615347978077632 0.3034333671207659 1.1544668637371884 0.9886133085134329 0.8869881112514216 0.10914912930933275 0.7696339115952407 -0.2794819369057145 -1.175922149494912 -1.9276486990532524 1.0076315681417083 0.9168270534725463 1.6909977243854666 3.4865442901439327 3.7850028557880955 1.4969551595628867 0.1669425420735568 -1.356597097468793 -1.0649108549207407 -0.8517140498512614 -0.20220896203118147 -0.5796141174483114 -0.31852259916236614 -1.011872332405172 -2.6320284583857245 -1.2831375844275161 -1.5523178456998221 -1.0509243568704063 -0.39967475996634466 0.6574032027388986 0.7524636675401563 0.3606400141378504 0.7852458298581972 1.8933970056881233 1.1701274289607662 0.3622501217950441 0.7671083180479079 -0.39133423870917455 -0.15427571113121527 -1.3902272856225601 3.8906431924047897 1.1730653108993163 -1.0988406783369042 -0.21423951231299385 -1.612115225752851 -0.9448945164117927 0.049793032037139015 -1.350266764231812 -0.9903363207783586 1.8624153580074592 -1.4667967633930683 -1.2816430189549528 -0.8660660667406695 -1.2905461856604246 -0.6683338897476082 -1.3238025978507972 -0.16747186478090653 0.25447289468148987 1.4229421545997922 2.117591874273572 2.018570028244987 3.701839873159779 0.8516632865194067 0.8861597242251587 -0.44014207119331067 0.7175163874188775 0.9334289322364536 3.0596642395260125 0.9574819896802956 -1.525293108918681 0.8906052856135409 -0.8616802831380885 -0.925106382954173 -0.09346780439381375 -1.6641289289699899 -5.002242060696441 -3.369283876879041 -3.5600193118625985 -2.151213784684135 -1.2682075182194659 -0.7803970095995894 -0.2342093703756737 -2.3968072869838952 -1.3168797013641105 -0.822932408671867 0.26923562799693185 1.1856421402544457 1.0694782708804438 1.2571607157206923 -2.3223653074611854 -1.4464142104265518 -0.24175732671102773 1.272803850929781 -0.5926140673904867 0.7608218132945834 1.7291391561060545 1.8948264432878 3.8508668091000766 -0.2059135285709591 -2.581998083988261 1.446425779353057 -1.9467351970266273 -3.783398845691077 -1.5199385189835373 0.38283175995253554 0.37218247272690963 0.6802912962389615 0.05716162280064552 0.21680495462348726 -3.4756323291142706 -2.6226994686107066 -1.925612702985737 -1.364164761420613 -3.1086184311009015 -1.2919748904941806 -1.1074282433350175 -2.208061255822403 -2.68258798074828 -0.3205793494840353 0.5846955035638136 -0.24784345417667505 -1.613642437584299 -4.392176072426482 0.104135486611659 1.059339164386549 -1.2104316275069766 -0.5329643997204712 -0.39859350360176854 -2.9009735692364544 0.3312836749373198 7.19947640221013 5.227907053966437 2.8549515953427886 0.9592228094000367 0.42144920295570526 0.7184703439965611 -4.435251465548268 -3.722348616400397 -2.220001860138521 -4.324137607819683 -1.806738080851174 -1.8129288711465765 2.116175109300472 -0.340848186797547 -0.06790074398961668 -0.28650569359055467 0.7887231964005297 2.115977473695508 6.357692784315718 0.3091004414055333 2.2160419787360857 -2.1825553748297355 -4.166101279560747 -0.6380982849475063 -3.2088518476750156 -1.5257332788177396 1.280501976494233 2.1190495464266093 2.0428595651887815 2.559132911827474 0.9022854121393042 0.8177689880453315 1.1787857046844148 -5.149549246866606 -5.9426045258417775 -6.108132913249102 -2.816174855992531 -1.197596493914404 0.7453936186545739 -0.6845434225341365 -3.1374836751545967 -0.62112707509813 -0.7982547655136182 0.4879517765414027 1.457221139144461 3.6833123526868006 0.5242937270283268 -0.5925359407772615 1.3736362193157108 1.6896363875862852 0.7522877586873217 -0.7681655763870145 0.34371368355285187 1.2173048521187064 0.1726295026125468 1.206373369549434 1.4426545048239054 0.17584687757558012 0.9874167877200356 1.4006401806374578 -5.3773587512973675 -6.368153837181758 -6.509460731896564 -3.129111010869336 -2.448101822831507 -0.12893790776293487 1.5223119450834992 0.7989777433688483 -0.5972139642261532 -2.0520389880018874 -0.8688216748863133 -0.08177448198397543 -2.9674072084278884 -1.8919617194444205 -0.1690714140496523 -0.7955887631227772 -2.1369789673586097 -3.8100918029549797 -1.0025583580794053 1.0092041637830211 4.014915332256665 3.234231617639297 1.3142252035692712 1.2063341999329795 0.3896470217146613 1.2390082197205643 1.4012007241813496 -5.15258506089438 -5.521155656062755 -6.043839025405402 -6.274914364778516 -4.781006106193635 -4.317943335701919 -0.43579431158972454 -0.550084437316002 -1.4555483187270861 -4.006862171035521 -7.822315582848154 -3.8836098008917226 -1.2876192704029041 -3.194542860687124 0.05929236790614384 -1.236471710722878 -1.6897068892372462 -1.4988070436535146 -1.3182694428495165 0.48404320881153456 2.0265948225968993 2.052523047228999 2.9552989282117177 2.06674422797363 1.700446780325603 1.8472841917681417 1.3956331171118286 -4.565489886436065 -4.868677550305906 -5.049923827380187 -3.4314596639701787 -4.82758770125077 -2.925090719847826 0.14510877959345775 -1.255965623355395 -2.4572748500907218 -4.67358981562495 -4.360897140913582 -3.130725302563111 -1.869844659037797 2.223549639327026 -0.37668029606642633 -2.4565396586520722 -4.691505323805853 -4.33747355390638 -0.043463241434640226 2.6671398268516553 1.77826935552407 -0.9506503470683795 1.5771025568633992 -1.0471636591477704 1.045466595761694 2.31908423216687 1.491046743839097 -3.8091439255832658 -3.917750475346422 -3.45402877914303 -1.9981300563111777 -1.932327555551506 -3.412513880297605 -2.2299858592020447 -1.9668500382337124 -2.2638241838084223 -2.892753673813584 -0.7883136714966504 0.6035249594680574 0.4770636171445001 -0.613554261045493 -0.7437733856327958 -1.2920259945265098 -0.55320995666471 2.821690861926823 1.1314167834599735 4.226602222999082 2.5467121187827173 1.645588359601901 1.8858533916406288 1.9296377699708227 3.316467132775543 2.882012136235666 1.7199780927530206 -2.9978833467024018 -2.586609176538188 -1.416490992177782 0.5593609063846674 2.011915144105322 -1.5361623263867656 -1.7048799991130823 -1.2627748311763847 -1.0012776311184621 0.12370419500335043 -0.253214405915472 0.29664818576555874 1.3650911403421906 0.05144888147935156 -4.929415898400336 -1.7097688683991552 2.5943834077284675 2.3317510683846243 1.532811205544038 4.615927174584952 2.3137186813840294 2.608419388705531 1.8053177662669968 2.9132729999877722 3.73069138567849 3.0671452524924443 2.0534742726436406 -2.15694493273521 -1.5229800414327188 0.09722915467131893 0.8765682751874474 -0.015800045406434985 -0.42240770811594663 -0.488826932648004 -0.4704453156485457 -0.2995004168600799 0.3930708898453169 0.6239813456925561 -0.8270368109647578 0.27424919220679056 0.4055339420572641 -1.8950092959248315 -1.6053472237844493 2.100895625432897 3.0307787062485545 4.072614382866696 4.773736859702646 4.373840287115456 3.923338684537116 3.674751562692799 4.065788094250663 4.38629077211203 3.3686494818141104 2.444560956965478 -1.5345777864238024 -1.167279372351778 -0.490048349995777 -0.10018838160121563 -0.30786112350874323 -0.1922258384225314 -0.14344019974658997 -0.07358604282646446 0.16601783916764232 0.4111451849659058 0.890075529553525 0.8686469489381756 0.4668300321166132 -0.2368439819894821 -0.22730326652648775 0.36442239234859003 2.0817952872705994 3.6064096239044368 4.314638437192368 4.539627849685459 4.568164661035486 4.510609712734629 4.47617714416304 4.374494482150835 4.078459695761715 3.6567656200310816 2.8156169908296533 -0.3245909413741704 -0.10067618926576632 -0.04393418902128817 0.013017668360305133 0.0688656342612167 0.1478203320884163 0.25985436792443367 0.3800631315880927 0.4824921079898687 0.5428351185591314 0.5389301291674422 0.5253129038286191 0.5489249479212726 0.677230965661518 0.9894608951002157 1.4325084127903334 1.9630602289867798 2.518367013094332 3.039667782571005 3.4985549950900174 3.866357877773945 4.091384412861239 4.118859523321547 4.0351185022235905 3.883732931229347 3.696427435449068 2.9023891388714143)
(UseCyclicTransform "false")
(UseDirectionCosines "true")
