(BSplineTransformSplineOrder 3)
(CompressResultImage "false")
(DefaultPixelValue 0)
(Direction 1 0 0 1)
(FinalBSplineInterpolationOrder 3)
(FixedImageDimension 2)
(FixedInternalImagePixelType "float")
(GridDirection 1 0 0 1)
(GridIndex 0 0)
(GridOrigin -64.61136904928505 -83.95930923161673)
(GridSize 23 15)
(GridSpacing 60.05498748060468 60.17076782644222)
(HowToCombineTransforms "Compose")
(Index 0 0)
(InitialTransformParameterFileName "")
(MovingImageDimension 2)
(MovingInternalImagePixelType "float")
(NumberOfParameters 690)
(Origin 0 0)
(ResampleInterpolator "FinalBSplineInterpolator")
(Resampler "DefaultResampler")
(ResultImageFormat "nii")
(ResultImagePixelType "unsigned char")
(Size 1197 680)
(Spacing 1 1)
(Transform "RecursiveBSplineTransform")
(TransformParameters 2.809393753243746 2.5416608265673575 2.138377675175794 1.3977255811565124 0.2860371326589745 -1.1150954578407253 -2.7086360144012085 -4.192612859627581 -5.268951794053769 -5.648845903400055 -5.033338883148318 -3.791118598328347 -2.32216776958823 -0.8746416650712691 0.3038823710505257 1.1681304900218004 1.6729163539440548 1.7949743231404467 1.5105823105117506 0.9983052399397188 0.44058202613576647 0.038759299506412326 0.05108090374131147 5.192700482866058 6.33697581238922 6.379669001701014 5.821032709585548 4.134847182552659 1.5374005516695932 -1.083431191800103 -3.175048042917642 -4.767343003767767 -5.8095461303156535 -5.261547175922737 -3.8512767611296965 -2.093117847048144 -0.24737173566491705 1.3499605306048152 2.5240027845738076 3.1229259582569977 3.004034444597785 1.9869746146854255 0.5371669463075749 -0.8808455349222867 -1.8982652907467006 -1.8889438335496864 5.9424252481507125 7.804727971909174 8.294237719545041 8.873351538211125 5.895061089136256 2.1431690517897537 -0.34329878370553685 -1.813199823158263 -4.612535293031611 -6.9651668208124455 -4.961150496531387 -3.867795374232958 -2.6343567915255344 -0.9684075031900563 0.654344231965155 2.2348689632943417 2.961813757547252 2.971339195778559 1.4076153075015032 -0.1914987498645378 -1.8880244982348346 -3.099380723622146 -2.9373291997649136 6.58799692376986 9.002533385535854 10.670725984653782 10.99602121405125 3.4592445633016005 1.0825780845973725 0.5068709487835364 0.5893116833309737 -0.1853123693429219 -3.306538934695696 -3.9000452961182432 -2.9967319278611275 -1.9917350553060396 -0.8604916498291485 0.09608588292370017 1.4676684957966564 1.5888831289102234 4.135041383697894 -0.5531648711435151 -1.5457841818083877 -3.7124862807911905 -4.662522992827865 -4.192813294511247 6.873074093162188 9.101752682021147 11.440724971959378 12.95944375773594 2.903456105020352 -0.7935569512582118 -0.10436095808591037 2.563812687041222 -1.1569753935325382 -3.108098889524848 -2.3761311093515167 -0.5706154181896127 0.2263515853268822 0.20977717273986018 0.07415745122555288 0.6246617630348773 0.0012391426107452941 3.2693110136493435 1.533366134247161 -1.2084192193468235 -5.090954177416123 -5.585892671779084 -5.356808695727161 6.827049562901283 8.44220848000725 7.911492760332863 6.683026503563507 -2.5727293274132963 -3.6576091787949694 0.638027448345631 1.59349738572214 0.41175090888232824 -3.3110964299258168 -1.5272257896127337 2.854119599983643 1.8974744758501658 -1.5204750350348988 -3.4402709407521823 -2.3050513214664945 9.13212344518582 11.72693590948074 1.7139908272419386 -3.078922896834104 -5.408797982930455 -6.893011099339351 -6.269484575376244 6.356401239233192 7.541403275796183 6.1890827697635915 3.6930845835833397 -2.761411729840327 1.492439954492871 4.152501273897302 0.08802759719175776 -0.02282397478607369 -4.032190185547231 -7.955552539450886 0.9558243238174094 3.394856353691369 3.857908037192847 -7.062815309292152 -11.539575878738914 6.403985412089675 3.988771950275412 -2.3516858186289773 -5.391338290582353 -7.53420537564187 -8.393841525586987 -6.698615404895061 5.654585636504994 6.6618244280638965 5.600815854936781 3.767649094349485 1.9882254209469667 0.2916495736101326 -4.011422487995399 -1.2531420625340208 5.989749671330604 -1.0260997594395356 0.9961158007979369 4.34076348322866 -2.4188721272128952 -4.820064519454886 -9.004232887334696 0.19254236921829784 13.70968076149077 0.6641535285415191 -2.4903614521436968 -5.765811391931265 -8.50901988819104 -8.39123276457713 -6.663245016376339 4.960295666228364 6.360150725938854 5.80166312136476 3.81119561315444 2.2619865091046014 4.13843387741711 2.7873457247936515 1.3949661310910906 6.237390900599251 -1.5871373622486669 0.43514818739304423 0.07485308914657492 -2.932393399374929 -5.1490847697895985 -2.259649597007016 -3.713454127827512 -6.059136473818711 1.1910100338961456 -0.44659427975321075 -2.0807454760076425 -7.728120123376636 -8.267767552455012 -6.262502680981926 4.053484723584506 5.965249839630389 6.480307286990669 5.8756951659388434 3.8042211289747048 7.551899957421571 -1.2061812306239839 6.566017645052507 3.651363319637614 4.14091764613169 11.892565651021647 -0.4169400799638738 -1.5471106399260368 -1.0383596419554137 -0.7369545076555446 7.27301952831674 -3.154540315993753 -4.581184850594366 -1.2881104945729154 -4.117510188301131 -5.499022984735244 -5.738186752466094 -5.6662806031219 2.8679352383557415 3.628135932342583 0.6706445843584429 -2.5990399304484604 3.556400957712394 1.3013669620316124 -1.8853714551452727 5.440803935278868 -5.974664345881063 3.9188760827189473 1.9223477149150456 -0.8226849539848425 2.0693347633653287 3.1858915716769145 -2.829155113948573 -1.0517059550218923 1.0969172123950308 -0.1792263259211762 -0.20368940579786454 -4.3546059446374 -4.752633494090935 -5.572409551075151 -5.147472293932161 1.8228119716231748 1.472144339231537 -1.390848297396696 -2.722218423314542 -0.3129329085304813 -0.08924921976486147 -0.8086396684583319 -0.723722536394333 0.16954619482282796 2.3094405747319917 -0.669404870443431 2.186980385678787 6.63564046685049 0.25917480402031096 -0.3311885932122104 -3.865937945806505 0.5530398046607505 3.5835445587678985 -0.46607474590436826 -3.6977707256074503 -4.785667607990778 -5.748774818600873 -4.646366727078351 0.9389264964833187 0.6235098254939092 -0.5819081318230362 -0.9146429531729234 -1.5444515355345647 -0.8538389562221719 1.1495505560413377 -0.9177344790143123 1.5087094846989173 0.7731290033218099 0.5829912129774262 1.3010672800595129 3.022490029721512 -2.5633350910700248 1.6408641558335357 5.677645408763388 2.6855426540675063 1.7018840473775 -1.22915003632229 -2.1874109380651947 -4.131481477739601 -4.801806892695715 -4.069451266999057 0.2573364507115355 -0.1295665717750192 -0.6770995071045842 -1.2280011185151667 -1.4157762490137884 -1.1816258700241082 -0.14849041515038422 -0.17947083943993877 -1.0713431303231529 -0.7397931702244607 0.47362923311396227 1.2063739860006124 2.1559154839396717 2.541079754173508 3.261160092763566 3.974069646824898 2.626435377837209 1.6722185114729153 -0.10661765991638095 -1.5232832773779872 -2.615621545251264 -3.3653417689795915 -3.537781262833096 -0.9057244445385174 -1.0963616938922287 -1.2415852598912385 -1.41276874622771 -1.5475851491257755 -1.5840285986887805 -1.4492525581637075 -1.3542381578398974 -1.5007615852071128 -1.3663869715800843 -0.49942061300030016 0.7295330569671904 1.9689177096501627 2.9600242720998913 3.4513612067385484 3.4595693032908934 2.9767976114999466 2.1544520084067713 1.078874630027603 -0.015385846638733401 -0.945826715947825 -1.5763127313108465 -2.1489813155912914 -2.9197134131561415 -3.170768975353666 -2.9095914771465283 -2.5574008396853154 -2.308225903596971 -2.0542964103448726 -1.6650336242622477 -1.1128373268503873 -0.374402062157426 0.5388478927245848 1.6139465906781776 2.7597754519386952 3.8871651166605177 4.85810531263123 5.535465929700531 5.92307363708782 6.024273635079118 5.8479048478101125 5.397705493510457 4.800620310339691 4.103760429729939 3.4742632070595336 1.9675911325648372 -4.92313718803484 -4.770161407029372 -3.7741969244188645 -2.4193669038767456 -1.5590357326530526 -1.3962466812518157 -0.9958081121331109 -0.6516693638853639 -0.40014313563134224 0.3072749698383755 1.7709357850316205 3.4706639395956365 5.185831068338368 6.5376004499123646 7.15512801051323 7.108557598875062 6.618366306494725 5.930026164933906 5.314502219763881 4.715225006346393 4.007130484576716 3.3966145393964773 2.037028303469121 -5.859452586984671 -5.650570680399993 -4.315467835558775 -1.577224962276271 -0.7596858352554399 -1.6215151610437124 -0.10571007432862149 -0.6109999441967255 -1.7965220329846574 -1.401738222165877 1.1445978485221353 3.0481821867681873 4.786111380696572 6.119675745642814 6.619073799965209 6.3094690074394135 5.469856357483473 3.8055789552577464 3.530321849007921 3.677561397747658 3.139820737011081 2.705374145629706 1.8308048930364047 -7.041947567539315 -6.884374147147467 -5.663785997409962 -3.2665386963316814 -1.4967408564310234 -0.2615215236938444 1.3406698760610305 -0.5664024271970597 1.399615973111865 0.6959744683434178 -0.16113627940488828 2.0054247599455683 4.2079318370303325 5.821978217128337 6.196127151980512 5.3772152375357845 4.376093682923453 3.3083753863293595 3.2321944788972417 2.3911109715998413 1.4681408755860506 1.7294532627122772 1.557274505148888 -8.318763282776164 -8.360346343096209 -8.148190801982318 -9.356072497647261 -2.9405060273253887 1.469006120908652 0.9555389794392755 0.1414437703402639 -2.9884094421550946 -4.407930496108226 -2.990802727265744 0.06701361072552571 3.0666530689111946 5.353674408603166 5.937964458305596 4.511208434326073 -1.7933887096488192 -0.560016489999385 3.518444093833864 0.7725127584384756 -0.2349594510256233 1.5367276597406918 1.3806233286496545 -9.618198496535904 -9.745527504715833 -8.349046799795744 -9.115249917214006 -6.730477086525919 -1.3722250124582442 -0.7631928128783853 -0.8584553243925912 -6.223968144591908 -8.74135164956182 -5.723764470177512 -0.9128655636092172 1.7692923502504312 1.1957347536487124 4.052291622944086 1.1012924010904042 -6.500485497040275 -1.5225058543917362 2.589300529803299 4.569327146593952 1.273400579929917 1.037330381427765 1.2696563313040468 -10.767229818098699 -10.915982543186571 -8.406691245657898 -5.265257770902349 -1.0829044842947975 0.7819683787867573 -2.212971791111477 1.0455179061707842 1.2987589149271972 -9.258853786805904 -13.243891599120579 -4.942073599649901 1.2040595778893293 1.0849758434833408 6.964472399120527 5.086422090603617 -0.4093154476105439 2.775604193143414 -0.2536168789777668 2.96681540339272 1.4028572145120375 0.8128345757398324 1.2843098690986952 -11.628108285458328 -11.816453718105624 -9.771617982420867 -5.4305493373255205 -2.223398535145891 0.21458720136192486 5.590057323902343 5.394495174899366 -2.0271231905697347 -1.6602280523639419 -1.1309444712072654 -0.027280611961536097 1.0485367519038766 1.1509351119151503 1.022360414286034 -0.4710295978750581 -7.056559404414668 -4.400278667532584 -3.666429090843901 0.19777659088610422 0.35756880069419567 0.6497253545140389 1.3082705357561777 -12.008984373906323 -11.763797073884216 -11.07359183065498 -3.7949034840882456 -3.565188227776681 -2.738629447735597 -0.31717164542466136 -0.5312031516811552 -1.412169818166785 2.0433575411392 -2.953263527440144 -1.0000538598777013 -0.9397888811694017 -0.43060729618145077 -0.33812265311818046 -3.584244185615278 -5.318274098173532 -4.5641757752038 -2.406768300340107 2.115391523539186 1.3428952617102252 0.7717742156459827 1.253461735545486 -11.89486275400521 -11.450230368542886 -8.473775510653093 -2.870599704005506 -6.836861721576224 -5.597821832556662 5.748032559223597 -0.7842106031399234 7.471993553389221 -0.007642526894965596 -0.7690909235789042 1.1437484634364623 -3.1095543603173423 -0.44114454258784713 2.0571150090779873 -2.1302395667350593 -6.067700638117047 -1.4640671157371126 0.6118782268975916 2.796378071080945 1.1393161490627248 0.5548972761675209 1.0927457143023214 -11.24276612343231 -11.289261263126042 -8.258742443150206 -6.675862829093698 -0.6876982255109053 2.923111373993883 -0.14764944260899257 2.5571230695927247 7.153830152661712 3.235713686610224 5.273559758519562 4.1327927984872606 2.1079060328318637 -5.145349440655496 -2.807011559564901 2.9400809987463354 2.2550718920933615 -2.481114798463662 -0.16136329637890617 -0.32182574557423654 -0.005869221645068171 0.17701502430725444 0.7860845875990593 -10.166331166384758 -10.330433884746471 -7.312866636954061 -5.814397809117419 -1.933250411686011 5.5108180784536644 3.1882388113321776 4.556915411557128 2.861579920362476 3.557957388443035 0.8075511875459556 2.156075937078066 1.599325481879128 -2.7897831706930654 -1.6927721619723093 1.0377193954514274 0.12411300440445708 -1.3018684155835023 -0.7657040041546085 -0.7872089283458651 -0.7075188308481576 -0.17558703157808697 0.4515613432435334 -8.824372895773266 -8.883506951528908 -5.824546130664551 -3.414531397437192 -1.9349841719663246 1.6142000213085341 3.9441976799402747 6.496595245229876 2.727987038797899 5.280396059576049 3.542033812395364 1.7445482959607643 -1.9143861848313866 -0.98146140437712 1.7956687790422032 2.53891838473675 -0.9667537228808044 2.127030053199391 3.144551368407106 1.6792304197913648 0.7650385632482346 0.611695719652695 0.22637189581675748 -7.504186264898069 -7.5401601753598575 -6.073260335054125 -3.9600679033842123 -1.553191223748101 0.6889030863888682 2.0778326192713177 3.247720700007007 3.701631797085363 4.260442047687279 4.227095338495101 3.0494868958691144 1.8175187781065831 1.4108957611746207 2.458565981743949 3.709444636519751 3.8810803445499977 4.040661851329124 3.7495027910091956 2.5262888334058418 1.5027043302233465 0.7612507010209264 0.04911900340440874 -3.8323479694911056 -3.2616697877227394 -2.4581773785853644 -1.275180099172551 0.07604066974168923 1.395002776969734 2.452869138038783 3.290773935164436 3.938610690607325 4.217564074867553 3.9896609647011014 3.4838085184308465 2.9611777955386502 2.71819209122857 3.0459817947310786 3.5259941554376737 3.7770345382405326 3.6680872576594163 3.05742652178954 2.15229563394544 1.1435780399588902 0.3644074159364944 -0.23781054909847774)
(UseCyclicTransform "false")
(UseDirectionCosines "true")
