(BSplineTransformSplineOrder 3)
(CompressResultImage "false")
(DefaultPixelValue 0)
(Direction 1 0 0 1)
(FinalBSplineInterpolationOrder 3)
(FixedImageDimension 2)
(FixedInternalImagePixelType "float")
(GridDirection 1 0 0 1)
(GridIndex 0 0)
(GridOrigin -74.25343243937988 -68.0869416710022)
(GridSize 29 15)
(GridSpacing 60.03730045042421 60.17564862971758)
(HowToCombineTransforms "Compose")
(Index 0 0)
(InitialTransformParameterFileName "")
(MovingImageDimension 2)
(MovingInternalImagePixelType "float")
(NumberOfParameters 870)
(Origin 0 0)
(ResampleInterpolator "FinalBSplineInterpolator")
(Resampler "DefaultResampler")
(ResultImageFormat "nii")
(ResultImagePixelType "unsigned char")
(Size 1543 712)
(Spacing 1 1)
(Transform "RecursiveBSplineTransform")
(TransformParameters -0.2100939621623134 2.612411943669259 4.087361467488808 5.605856756606703 6.5180752149348775 6.925596764504091 6.785844195218982 5.995565666199709 4.442210516668048 2.7249818905492504 1.4846170339781564 0.7275937605053713 0.5035382939070366 0.6027035593797403 0.820810935414127 0.9215423484202581 0.6244383735709044 0.2706704893631316 0.2831714192404543 0.3684807617738517 0.23074067396778095 -0.11307407984218912 -0.6508481700042994 -1.2991948276317902 -1.9103497374146006 -2.5760104008300018 -3.344932977868654 -3.880268710835408 -3.503964452906539 -2.39787874655061 1.1765999499751254 3.438189014784867 5.759635684153382 7.067980662218339 7.794336101781525 8.240276338468139 7.517989223208957 5.3286802834834734 2.465734518740203 1.4446377439711628 0.9673772102116479 1.1641486172006927 1.7787030303619573 2.1192627063461233 2.664153780222736 2.4241399974857414 1.6295716785610368 1.148469455499321 0.8135243180429321 0.5223513699529249 0.18017898980343888 -0.4098130948155745 -1.0832372777899004 -1.6159862118232613 -2.9126807150237446 -5.037919404423934 -6.712538624414956 -6.596012370220955 -3.7883878990520246 -0.5230139237108505 1.9538706237072458 4.4212390427385575 5.473574939167421 5.8099932268606285 6.549528655564163 5.050025366129497 5.8097199945686056 -0.952896773945525 0.35447234505580894 1.9979678330954194 1.7887073536320333 3.612347492678688 4.115256009206221 4.481827305934233 3.03590078303391 2.373422726752831 1.7313326608222237 0.9845961638650605 0.6432933933069356 0.15632028512667093 0.07565934051176422 0.013208447783839006 -1.4442521239252493 -3.4846416964889344 -6.02293982282602 -8.415007064631633 -8.289021094363491 -5.460341047740759 -2.806547210374295 -0.3961684220400458 1.8168419654031878 2.9162151406016736 2.4680261094853795 2.969892636862719 2.4144650573709296 5.514500637526086 -0.06427544984066223 1.6972040520877716 2.361155817854792 2.499839643002816 3.9848377374403667 3.2300979754135737 3.300530390391636 6.534621081117247 4.404509670050956 1.1813519423560621 1.0587965484510478 1.383137420814893 0.9041519717325285 0.27155759473246704 -2.1211655001473613 0.6191057381514394 -2.6824567922578315 -7.623827328292571 -10.346102681047405 -10.110494658429108 -6.932522664855084 -5.051535932002707 -3.128720441979623 -1.235455055205652 1.926161285306351 -0.48246992366941943 0.3333419232957952 1.9590720415018803 -1.4354943509536744 -1.7234437139243768 3.271775411465507 2.5830905086739215 8.318305085431437 5.409351401883019 7.123120875712817 7.387255329318409 6.964511261274696 6.512919102725289 2.776592219003949 0.5084653824063147 1.140001546852414 -0.06183661613407907 0.4939576568503654 -0.7714892959280077 1.163866324191763 -4.084135294588407 -9.316466119314017 -11.666875757454921 -11.351736237777754 -8.137468720953324 -7.001277820483187 -5.040891077019662 -4.544134717335826 -3.1854712938146936 -2.405216102447551 -2.550427997984147 1.1452070520753277 -0.2479469588912801 -0.9054870065957231 5.792761875056862 0.34287129640080005 5.805560800958094 4.3584240997281745 7.8534755282012965 6.851534592964864 6.001712319474417 10.056697306198084 3.192272448085014 0.028752289730794627 -1.5113350189954402 1.0108682694247049 1.3832207694588805 0.4019837975365298 -1.0454944080259123 -6.567661185627508 -9.252819842457049 -11.687136858544696 -11.68216797856183 -8.901328338822438 -8.678982199901325 -6.446902789683792 -6.914914354245167 -5.296575080280325 -6.367261691124429 -0.1754681998393352 -3.0238375984859536 -0.03986780450011069 0.8871900002879529 0.37530895264567316 2.1089337544696463 5.532687336732341 3.570622771400908 7.222699740809978 6.786883047408928 9.798494252295923 6.490351999555738 -1.2535024774686367 -0.12061965216783743 0.6416905517460533 1.0824116590391817 -0.12564681338927783 0.27881911773868945 -0.506449415147956 -4.4360842427259435 -5.47919505271632 -9.725368974035453 -10.608272899258338 -9.292498644604077 -9.85235326637967 -8.467945646264452 -8.71424668901744 -6.073489937883881 -3.2161399429240918 -4.942583471847291 -2.3502708815733304 -0.2737387989253948 2.583784158781158 2.2360563748182636 4.434889622590648 3.8220690912607536 5.450177834010028 4.867873091251131 7.222079552219992 12.15536993301464 8.636038804262043 1.2347002195922439 1.1802748508019556 -2.8986728851800354 0.7159335519962831 0.30130190179543953 0.9669934671167004 -2.145428017919075 0.28720343350719973 -2.913178510273413 -7.138837401066765 -8.748584207362489 -9.39731103503082 -10.103640706300677 -9.179172150957706 -6.4224582971914055 -7.843560728665732 -8.171501028913015 -3.9504573716397338 -2.6518908944236896 -4.087919373376043 0.167420889321951 -0.9142700966334629 -2.6537938702574957 1.4169467971526095 4.129737643955594 3.663851369971727 8.07222925648314 8.233993224052801 -0.41855913401062633 -0.06500183545366214 1.8525622629692964 -0.1457223968202309 2.4864268006993964 -0.6868259354349463 0.3608207489420949 1.3276843733520718 3.430269734394733 -1.3544256520551734 -4.867787783309924 -6.709307074950992 -9.17914473387218 -10.278109744468262 -9.565519958598037 -10.278217262774628 -8.087950715845036 -7.730344049747724 -5.571837790056394 -4.06357849250484 -4.512128379084795 -2.960330017650486 -2.0299485153515153 -1.3799408028414333 0.9473751830291024 4.640204705654895 3.677146407106674 5.205825002847441 -2.6093155004487487 -0.5136522271998879 -0.5126886871893522 -0.2082906565039512 0.6128084219643634 2.7308996225435207 2.0475815478357497 -0.8312135377496761 3.384679085418505 2.6117942570452666 -0.12582774416275572 -3.008742892875729 -4.682157189862092 -8.579264544487094 -10.17044630832688 -9.81358213276294 -9.839299871394905 -10.19638026993277 -10.43298939693639 -6.098132718988495 -4.67023709756974 -4.070607221402336 -2.094967196262124 -2.4428959199780254 -2.1526269587366147 1.9867462090604333 2.252409582922268 -0.6088564228983787 0.006423723052521412 1.4948079946039574 -1.530301848669889 0.7341479814069373 0.5418247908413923 -0.8708320341286412 3.1864371488344854 -0.8615324887302098 3.484725112178873 3.148343906001626 2.4846571463872165 0.6076938655749454 -1.507729485293629 -2.8534763607461295 -7.799403068613392 -9.800491377570925 -9.991346318563625 -10.094091555523097 -10.631065297365431 -11.203345028922325 -10.542907419616117 -9.650977887705103 -4.377999595739805 -3.03684823283557 -5.198655092507914 -1.1078570824322012 -0.5327656458460248 1.153234095782451 0.7216782922751792 -1.281588285377248 -0.8271244605247445 -1.2877325858722386 -0.12782750539916363 -3.2657532052639957 1.6105904933363038 1.5254552186528614 1.691845032091956 4.750102412803486 2.9164846249647534 2.5024543069860954 1.1727750693405115 -0.21947201970027816 -1.2856203449761432 -6.936870705058905 -9.112099367310341 -9.600313081779795 -10.07316562832898 -10.66768768288458 -10.923249087726935 -10.486313105071975 -9.660183598465679 -6.593138439071363 -7.0685300081372535 -5.578391067300427 -2.1500455830397853 -4.963870110215964 -2.127583354067796 -0.4741495569071622 0.5702622566214814 -1.7038225091448453 0.6379884942337052 0.6090666561269071 -2.51772669927562 4.820258847332256 3.7583369966089446 3.0827256848681914 3.735785960644653 3.137805453397144 2.778829135904102 1.8545516345178574 0.9293694408847564 -0.001020998119679711 -6.16464674214422 -8.34935672968434 -8.915371498980422 -9.511702750095079 -10.174791051408452 -10.65128673323826 -10.579300979965195 -9.973644117093253 -8.904000933326843 -8.082135068300746 -6.788990326224698 -6.026486076548598 -5.119646848737579 -3.518344842077779 -2.2494568120407687 -0.9011967732433293 -1.463831836830168 -1.3462314233636274 -0.06518308033403189 0.8474135539593911 3.0107730694182235 4.193574792631215 4.24573007774327 3.8466970838315273 3.4229395173964634 3.0544024827804375 2.3722913123599785 1.7239839755586146 0.8562671161394497 -4.206580565333572 -6.055162999409183 -6.627156418943268 -7.258613576365684 -7.900302550426908 -8.494135076459258 -8.889912303950537 -8.95735274857371 -8.560141491498857 -7.854152874851169 -6.9819322492226314 -6.076703159548237 -5.233001788258108 -4.474766544761158 -3.823912574518995 -3.209215101909848 -2.5693266170715217 -1.7674554721690607 -0.5759870847532358 0.7967746335305163 2.1217623999651787 3.1364668787068815 3.2996927379972147 3.06256882718398 2.904933843779671 2.7637310703995914 2.544167092920122 2.321216213134514 1.7365717655457624 -1.2287783162443955 0.24644875046338832 0.7815841929434583 1.4551875376149899 2.252633370230728 3.0613976684480058 3.693146970128351 4.339540829460718 5.183054063298106 5.604986010824172 5.0585154937835295 4.053428886941046 2.9828556332051432 1.8929618866824942 0.9890539417312575 0.23829092531080312 -0.3014838993400431 -0.40775709002477434 0.11248085979374624 0.9448721699169512 1.794732311642888 2.4405110731124444 2.6447906401365384 2.536582833016329 2.221638238766475 1.9013880706534867 1.8905158213491038 1.9790771201473991 1.8976869642217524 -3.398137937852299 -2.272870013814664 -1.7938962225206745 -0.9671294550293602 0.4105828949617627 1.7306036707671 2.4218679710210127 3.08481250185743 4.767792248911489 6.129884653412558 4.481798999224485 3.9443729446842717 2.971600329633579 0.7077425628653021 0.5377950440224831 0.16485868390369196 -0.6015598678994444 -0.971859005830577 -0.4330143860987641 0.578344470481384 1.8615224976632478 2.906347278638925 3.3989860156950225 2.8368043650557113 2.358398584856116 1.2890923416628064 1.2364652668518623 1.4669740061033307 1.6199281958235805 -4.146173557162118 -3.2656844288424756 -2.7891516873377524 -1.7866802368782315 0.020340055149481867 1.4969714372210274 3.0528843163094597 2.737311025017445 1.128259710194463 8.202375160535704 4.427435427790183 -1.1889977172673136 0.2827678411270446 1.0425570700424123 -0.3392328885007498 -0.49216959465470533 -0.4196223743412007 -0.7165655800744256 -0.8056397647171304 -0.08891288361392952 1.5162977616008195 2.747642952615904 4.410176646069138 3.099761032593639 1.6426207912629218 0.6571956371909639 0.9076837523562874 1.2627938402307408 1.3666010074270618 -5.006945393414804 -4.565220036120446 -4.154730307923722 -2.988936045105036 -0.6391764707177229 0.5922742211811696 0.6975790737847967 3.566365289834481 -1.758937366855782 3.3591957443164624 5.198889770845534 2.531251268254174 1.8012733771637657 2.0967923620881703 -1.820126681576179 -4.2802529196444015 -1.8032735286855606 -3.5986894277838926 -1.6069470799288372 -0.7251033334539113 0.5609728519360698 1.7662543739134153 2.0873741037916047 -0.36507221668817597 -1.5046755421662181 0.6926033416350319 0.860829050418136 0.8683841766795342 0.959517191980119 -5.897119552101576 -6.13341683780623 -5.890080381871344 -5.223693411443401 -3.358086126746823 -3.0373569259799513 -2.1449355959520253 1.7779451265112307 0.9218202542234221 2.502303332168385 2.327957202938989 -0.42539516864531707 2.11321907331615 0.26587126609907186 0.7172484651371203 -1.755614313026016 -2.28943317904085 -6.206501432712749 -2.261079233897789 0.9743121450371648 -0.29983634811324755 0.17070422244052819 0.0762145980703732 -1.7808063898537019 2.329692307410285 1.2352326569987313 0.38668801829515737 0.05784773555035254 0.4093276269564478 -6.694459393219142 -7.354931069578226 -7.012655689180458 -6.471164293636459 -5.600376013216176 -3.402381685189332 0.40727686685809517 4.1994734711985595 4.387156857609516 3.607787838789525 5.978854632529575 0.29111220216489275 0.8102037932731552 0.46020834216945455 2.7076349611535573 -0.9957335666271662 2.436681580833089 -0.03200506567760643 -0.8220051674297075 -2.513705769535421 0.6289391828972434 1.8434038677715994 -0.915057070361489 0.0797168881272346 -0.6571705601071242 -2.5357230760572946 -1.1051434974206378 -1.0672178460113537 -0.1870746766684369 -7.161214994677346 -7.321427261173959 -8.098104181785434 -8.0672683238428 -6.596802578878626 -4.173780005213972 -0.9932770910621073 0.19102433491194187 5.942689951868092 1.5621620239693055 1.9860071868768665 3.457591217523163 1.245298259864634 1.8923982888342665 2.229951070987144 -0.021906098457657137 -2.799818507646674 -0.32489463726590295 1.237130200236252 0.5137809588380757 -1.654788839749959 -3.6368704350413976 -2.3751317988963945 -3.1024786655611623 -2.2830766705347445 -4.888279240147839 -2.9114881746281025 -2.2920673993020353 -0.721177238549182 -7.438588014445302 -7.220150167000156 -7.735137730776065 -7.236815063512179 -4.80743126145734 -5.214625519363243 -2.1717051013641426 1.7216686902620677 2.73349225366487 2.3093972130597438 2.2249514485097275 2.297389624474345 0.4619386910542686 1.8470482424364463 -0.25691257633609893 2.2125383992200454 2.5275856634632534 2.4147443615560777 0.04063490299899648 -0.4652733004385948 -3.5499598025033445 -0.5405340485714069 -3.307791794891574 -4.094771292212831 -1.915216932977264 -4.405918191385669 -3.9678502745755218 -3.3801179256054126 -1.1504113703390764 -7.667875378333587 -7.8092359713149255 -7.4321359881235844 -6.9952115603353455 -9.461756145894338 -3.2172625374964987 -1.5497201947898291 -1.620943488135557 1.5757348125355357 0.4086491330746691 1.0480332384962654 5.761564451803283 3.3653693344914593 1.2040268581490932 0.20147137693557185 -1.0460364480826785 -0.18941897084101997 -0.5672846019125108 0.15033603710390336 -3.5905807391119473 -5.273830084933763 -3.8655666506985806 -4.177785114004338 -6.043834688756686 -4.272081903737982 -4.765907082522372 -4.589417864687901 -3.80698657206027 -1.428291674992445 -7.941084395261808 -8.50227210873554 -9.414620214205828 -7.611704397000218 -8.899785836989832 -7.291558205751359 -2.5608421694938177 -2.1915338990392255 -0.7387487838230534 -0.8628279438535793 2.9355731345359835 3.621766764747083 2.223871269688725 -0.3702814678337365 1.5509232377689475 3.7393602710830685 -0.8003840134006871 -2.0928017630905105 -1.2854089930010253 1.515960995709654 -2.0986000663223834 -4.953682946974146 -5.902126477238692 -5.180258185897568 -2.463943636566581 -4.669256684079582 -4.36006529048814 -3.8647260350014685 -1.5985494753511131 -8.342258593100931 -9.38884857367223 -10.435077874695994 -10.123942595586474 -8.489897579152878 -7.612750497290619 -4.681529260888268 -4.451580973480658 -2.6776846379428925 0.34926337898375165 0.9684282743767236 1.15926401366728 1.5737752632742525 1.7892500444861639 0.9581571587120499 0.3621062394051776 -0.9878598458439418 -0.9095502458832796 -3.095981334986723 -4.064530248883183 -5.1399670522517384 -4.348789519069726 -7.827296454600804 -3.9386934691399804 -3.300208502460494 -4.419667850749415 -4.285799988343798 -3.8860727626752856 -1.7052050510915369 -8.712994854542705 -10.23832685746499 -11.084376003944794 -11.601753998701964 -11.176518198504452 -11.045011681808427 -7.307858260145868 -4.380563818011997 -5.137346405181863 -2.861472612273314 -0.3407944897657853 -0.9381702638823278 -2.4303632833710562 -0.8073611014286333 1.1057344141443193 -2.280421161088965 -4.798517926296069 -3.1396651865887977 -3.3185504971904662 -1.9543791807688005 -4.433253257033176 -5.815542236909761 -5.886208720362376 -4.408377876558122 -4.660550307039825 -4.692996234143279 -4.422265790976967 -3.880262128370006 -1.7608344989770104 -8.776084287280465 -10.606260356692502 -11.240692869434412 -11.68551665938351 -11.617682499561754 -10.852537955991474 -8.97115642842969 -7.2913427795234975 -6.479795368999605 -4.867291527441847 -4.419257384554368 -2.5725210295743706 -2.820638382586204 1.929524205785341 -1.4133552077292957 -3.056013245047803 -2.979035297906929 -2.8629761619670675 -3.632846678660266 -5.489631572368403 -6.368146270609154 -5.969398283970942 -5.374168582550323 -5.13367664150812 -4.970106921367331 -4.698067870774129 -4.225527071509168 -3.70930418283695 -1.7790417468881092 -8.553439132716429 -10.52031933129498 -11.032849795107499 -11.366497783395191 -11.354846353602387 -10.967023114163553 -10.114392877645388 -8.941160750540417 -7.418627210960044 -5.609214516559929 -5.178998858948029 -4.535385856079949 -3.5077492946373257 -1.8706995632297123 -3.1988089493235403 -4.329644327243194 -4.600339362055421 -4.469624069694734 -5.217258956767456 -6.9822687032624655 -7.91570133869884 -7.572471134411433 -6.605629879663065 -5.703277268107166 -5.08950567878424 -4.587268873704096 -4.043125751850527 -3.524467736057408 -1.7821067383772893 -6.414753614393353 -8.140665340302938 -8.51998853031045 -8.813876402376525 -8.974739875180067 -9.011702975624631 -8.843762321275438 -8.386803438670432 -7.545130158650811 -6.516763651415068 -5.541950394535371 -4.628893047759674 -3.823154772411669 -3.376087968016237 -3.512219390093499 -3.905329505466485 -4.240351112520975 -4.621930404407271 -5.253939752084876 -5.9013563460119345 -6.249728135846357 -6.259930801100819 -5.835413393087492 -5.231366578433453 -4.664182158779009 -4.160830182854283 -3.676332658125151 -3.241821933316629 -1.8297813539008105)
(UseCyclicTransform "false")
(UseDirectionCosines "true")
