(BSplineTransformSplineOrder 3)
(CompressResultImage "false")
(DefaultPixelValue 0)
(Direction 1 0 0 1)
(FinalBSplineInterpolationOrder 3)
(FixedImageDimension 2)
(FixedInternalImagePixelType "float")
(GridDirection 1 0 0 1)
(GridIndex 0 0)
(GridOrigin -73.08896570741183 -84.55201771340283)
(GridSize 22 15)
(GridSpacing 60.04651008242989 60.12617685529062)
(HowToCombineTransforms "Compose")
(Index 0 0)
(InitialTransformParameterFileName "")
(MovingImageDimension 2)
(MovingInternalImagePixelType "float")
(NumberOfParameters 660)
(Origin 0 0)
(ResampleInterpolator "FinalBSplineInterpolator")
(Resampler "DefaultResampler")
(ResultImageFormat "nii")
(ResultImagePixelType "unsigned char")
(Size 1119 680)
(Spacing 1 1)
(Transform "RecursiveBSplineTransform")
(TransformParameters -0.6153938410545937 -1.8620678151352752 -2.1387628090833077 -2.565559554361824 -2.9509389232507752 -3.2963571280293102 -3.5849025855251853 -3.857031812832203 -4.171879561151076 -4.636720280980944 -5.321598952943512 -6.413073380752095 -7.587613035118566 -7.82799006436461 -6.9555641296244035 -5.376415968237227 -3.471827840121525 -1.8253604231396576 -0.6410632239976655 0.22666270727131396 0.7474245119116422 1.2527299291423333 0.7188712982189582 -0.06157272653627686 -0.10895104224674784 -0.2689440350927084 -0.5370556922545019 -1.23827470651855 -2.1966680069837032 -2.9475004617949887 -3.1744574223011672 -3.390968534178484 -4.158262193044881 -6.347435410956611 -9.14356961819568 -9.489832194903856 -8.654135240476302 -6.506117703503979 -3.7167779719795027 -1.798031576409441 -0.4694406997782655 0.4362412712489765 0.9146113268027144 1.2980733409250136 1.3389484747785132 0.9119981158859959 1.0114988437111028 1.0063781794267423 0.6011281209378732 -0.975942528617296 -2.8133428406141423 -4.217906770643406 -3.913796502709818 -1.769559637000235 -2.3110072956525243 -5.618189463017568 -8.13936459506144 -7.1593113985145544 -4.138203359981099 -3.5096021280187246 -1.5466019591796678 -0.6936009382116644 0.08801382140500863 0.702111869111279 1.0268064525832787 1.2221347511130842 2.0669585452328954 2.0833248318038815 2.3708579895339565 2.4762190539753384 1.8710566924206191 -0.25854791378668496 -2.4520803013291315 -4.472645022913387 -5.157211554467215 -5.585553363284923 -5.569784824541014 -2.534661155977498 -2.5821544137147714 -4.744458406967339 4.2719795040620205 3.2652063963612834 0.676709146374759 0.7611824632353953 0.9244739250115338 1.1556070702620058 1.198728012411858 1.0619679051975597 2.7481608042498666 3.1746934240705937 3.6491702439788654 3.834013307295944 3.223400143432728 1.3028942852699024 -2.437609013432345 -3.958645828660159 -1.3174311072983091 -6.41452211185441 -9.18752439352974 0.4375942211303582 4.389967894122062 -0.5257456750037963 7.004361620912801 5.471065089430538 2.5040317070923597 2.9626890031851407 1.8886974901167024 1.8806921529687957 1.467188331909492 0.8119086124823534 3.298146233180757 4.196751321438248 4.910342969644929 4.819855237701161 3.279424832488593 1.25360053119294 1.1561025425355809 0.24191176920888569 -1.3351581567503483 -2.876078427386926 -5.258868068777944 -14.528530085781211 5.693291803137796 6.3386804377506625 7.753786266223763 6.036959296535549 2.2913387498500914 2.900465432717904 2.2156911299423006 2.258220210007675 1.5518199117099518 0.5171970269139453 3.5623404911621357 5.065890361089422 5.923225807160901 3.955896547417192 2.1019426845334173 0.7686941924113312 4.020513273506562 0.6831811654048944 -1.843078212868225 -1.4231512179806998 -0.6429962854940983 -10.655765338420544 9.901772163086004 5.100660943110861 1.8227624483283789 5.635981607319135 2.910768349037125 5.851716547245744 3.331743483072139 1.8928754093697637 1.162786171724156 0.22007016062942594 3.597786568588414 5.369561048437003 6.502838794733684 5.362008574451617 2.4568799205289267 -6.016285955003029 0.2940030086791573 3.1695807602617334 4.347585905942624 -1.9111602189550612 -2.768885216744361 3.8358803626001006 6.054287845194328 7.211408304648551 5.043609492272475 5.160001797540741 5.2797761332386495 6.411721000687941 3.0119602653025153 0.9913676943932784 0.39204251544866975 -0.02467039742665501 3.4564048946265196 4.688342540000803 5.7517289917759795 6.452438001830001 3.2002404744580555 -1.1308833733279973 -0.016100956062179927 -3.6156378468998587 2.463161751719149 2.4290723920481003 1.9778812728384116 4.594494988154498 6.503662781954271 6.4824339101362325 3.4605750600413607 3.4677688114374963 0.5495374263689645 0.5566042231311519 -0.9906949242427975 -1.1273223825811063 -0.6295583094590442 -0.16162914793234898 3.3238895245961326 3.7442524275226634 3.4915848256913984 4.660081124126491 3.815676905394968 2.2280619518588596 2.611752272794908 -1.034936338518048 2.019025356733769 2.5469114818524723 3.290202025100948 4.588398229926817 6.96561943329478 6.1759127673673175 -0.5251791835220915 1.59522487668535 -1.460974204368412 -2.201660164261618 -2.971239682457851 -2.2519380458469636 -1.5182450101238056 -0.4386153573855481 3.3835671455676892 3.141419616963814 3.2797089032928506 3.3811258557431687 4.1022862437510295 3.6507482939272173 5.0755374166523675 7.439748934578589 3.7780232801558773 -2.1327189895314205 0.5120542957990152 1.6428160455254723 3.2833208608370184 2.0587831459834147 -2.9936478111760167 0.1863458471605697 -2.697200019213324 -1.2332456907992282 -1.1809460233614217 -1.6155113324718233 -1.8406488549994813 -1.1031202112216982 3.5767676844203984 2.819453273687658 2.244473153241731 2.5322514141214056 2.435645835295406 3.5465025971740496 2.4711276830945756 2.8533862208519403 3.270891315036543 -1.904023489991124 -1.4061914014002959 0.9729818403839466 -2.419650084534209 1.731361756001036 -1.6505341734950238 -3.431462301616058 -5.040138596318422 -2.5346344192878645 -1.9465674643018887 -2.791737647647393 -2.2982550687406835 -1.7879167019036024 3.818811242902238 3.837222899269694 3.973864378014314 3.543637899989118 3.1856025804030343 4.552815364303246 4.503954038340342 6.180177889983064 4.7138241011886475 0.17084092494366804 -1.4310732042940364 0.2681656454042852 -4.138447821568579 -2.18599395540688 -4.942658805682097 -5.265423184077524 -4.05575345615098 -4.412868517973393 -4.08196446617835 -3.9817215542155258 -3.203518796695637 -2.1482999486642584 3.9696150063956135 4.625009282339279 4.8701879817430305 4.3935203372658895 3.5974578516930693 3.1967591175699273 3.206924328000466 3.8558839650728185 3.1044628992243033 1.1278748133347511 -0.769620729581014 -1.3259329907024566 -2.2264542885707166 -3.5406142385407726 -4.712234869755592 -5.528568525972751 -6.942888688678361 -7.086394280101626 -6.038034237092734 -4.9128962519380535 -4.001955545922781 -2.3148742287268465 3.5196096770733316 4.53366569888823 4.855820236043704 4.944264866769379 4.614862914253957 4.12566967617817 3.573999248142347 3.0968950328773697 2.544391799219958 1.3994221576128678 -0.28038443157077586 -1.8633887886917244 -3.1672034626020844 -4.237341426191303 -5.076693705724004 -5.893536278373701 -6.589986873480891 -6.573439843793781 -5.862847424260911 -4.9202765688245265 -4.197448323131357 -2.695215400274633 0.6034681404785934 2.2079793485144528 2.6984918956884196 3.487254655256839 4.322098825260967 5.237641123615721 5.984096359916607 6.001729164146461 5.223233532673664 4.010156399084486 2.613039039898821 1.4194906394435172 0.5841713743914202 0.07221526816240588 -0.3219806004250552 -1.1183822532490142 -2.255028559129359 -2.9434589488520477 -3.074900626720015 -3.097003314926802 -3.1820835635947615 -2.7686124690006646 0.0925809149964392 1.6134004022168553 1.8042701852540257 2.3757764400580554 3.2030902955728724 4.435682305316196 5.745899814712685 5.720460636866618 5.013225416280638 5.163435728030488 2.92628225107858 0.5092778616002577 1.0073879998615045 1.437238575010244 1.486364810213433 -0.28693220300032973 -2.944701521673545 -3.961793143380069 -3.4319054920966017 -3.030241318529876 -3.0711597007718976 -2.701633210069009 0.1456683558369073 1.4889694775864388 1.3599866804861858 1.520519429240052 1.8327276265935775 2.503313099302461 4.166754724934759 4.552589844763792 2.775043728814922 4.669344692791188 3.7170608115445205 -0.027172810808043943 0.5201701633760154 -0.4521978394099957 1.1274813663653969 -1.9208544813518262 -3.8306879343463787 -4.454381573118044 -3.442956396976604 -2.829546271087626 -2.9290818494019963 -2.6245227839844594 0.23561380501194348 1.3960916092784286 0.9526310204989422 0.7100295386798461 0.46610662375713524 0.4403093017500562 0.8467667197460311 1.8413607998071493 5.268030990957363 2.5020407872703037 3.0971194267414286 5.459297428050878 1.1745134339060879 -1.8464574140141186 -0.37056279902130373 -4.82858123406401 -5.021968668275177 -4.026996914010989 -2.8529916262982242 -2.180986118024924 -2.5052631268151098 -2.4227870376654965 0.2418983126611225 1.3491841436166612 0.8159669128777307 0.28587629981547164 -0.1346729631192261 -0.22662446762521535 -0.43865529510470547 -0.49277483002150263 0.9882996489036872 1.787786308343356 4.060029356286724 -0.6037431846605809 -1.9567150766347772 -1.8580070063651664 0.14533959911181843 -0.6360089183752115 -2.2013933628510975 -1.4371045855042501 -1.0794880178669095 -1.2479154237579737 -1.856642712321427 -2.0316221364941347 0.08025238497912016 1.1823799114597386 0.7349979793415906 -0.01933962733538628 -0.558056531125164 -0.5251168879849148 -0.6639522654960561 -0.8259095943563189 1.9669462774135291 -1.0384775340052008 5.574257206830372 -3.2339008929906825 -0.8529578741987822 2.1729399138527064 -7.667486425918203 -0.2249563300494283 -1.479513060962246 -1.2555101374085544 1.1136112076267037 -0.6991878917737353 -1.285746446240036 -1.407748334706836 -0.30438708644811463 0.7604458218129844 0.40122818125397197 -1.7500265517163973 -0.5459384341709197 -2.764557527851981 -2.0334146903609107 2.757548151299695 -0.5231575117501048 0.720404665884081 4.215801892688291 0.47262780467115495 -0.17657307146602516 -0.19291273165405748 -2.311701833794614 -0.5034580485168635 -1.833612316545599 -1.9987036560130356 -1.4811457967883945 -1.2831597512874515 -1.0058619420373769 -0.5083761946887896 -0.8477389322130053 0.06792937330071248 -0.2288641163989762 -3.4767525038402063 0.7751094308957945 -4.055890692510232 -4.5933454545981895 -1.8719436676245202 2.3372619876383296 4.835061334227284 2.3963207256357792 -3.9104542241521996 0.736930792113071 -3.6915753689032136 2.860959877462966 -0.3452310562143527 -3.210455868760761 -3.2262987735780753 -3.369280439373185 -1.5190178486561674 -0.2668824699909759 0.5235856170331109 -1.4831932111233939 -0.8770553982070234 -1.0958551983872313 -3.971640537354085 -2.129278289613022 -0.7985333532777619 3.4083144436654487 -1.498981724592125 3.2640345317446133 1.7025227397930045 -0.6678060278989576 -2.7990792956366466 -1.4015244898763426 -1.5275915414441072 0.3836963705868043 1.40592492739115 2.4064183373957144 1.571988805113821 0.23717458431037772 1.0724302350224622 1.7374298454668056 1.5475277481419907 -2.104818683506955 -1.879007054332117 -1.5107315995280366 -3.4915928561923613 0.6127266105835795 -4.5826819692250815 -3.6390867557426723 0.13753310190904997 -1.1438871416997687 -1.7629360987995524 -2.5528703538882223 -3.1964919944613763 -1.5673628349006201 -1.740293874784873 -3.874563903769633 -1.432734499745637 2.1642278228335776 2.196597440596314 3.845199878197965 4.357581946085298 3.706114277830824 2.430793253869015 -2.6037504804554965 -2.804931744184752 -3.2405452315282632 -3.8674660616493326 -1.6733278626024346 -2.5284311073980343 -1.6262606282204917 2.6772763132636843 -4.548329053547617 -0.9537069953316047 -2.339330616434359 -4.338622153309298 -5.252367384376456 -0.3923346132420204 -2.3376625928873884 3.4321430902467602 -0.3180505913545366 -0.2213999747353223 3.3829046842015384 4.00919785679005 4.255519693512583 3.0376708778576713 -3.0280761841049726 -3.304300402139676 -4.09984339934773 -4.326056284723776 -2.741872304294425 -2.3238304071466094 -1.3454898255929113 -1.2395327655437822 1.3297539467031645 1.917494949455196 -2.1122792313618355 -3.831914590679873 -1.2378432189126092 -0.2870891370762383 -1.7577352426135646 -2.385226760377327 -3.2510384248053215 0.7865903735105187 1.20317122970695 3.230913614439133 4.129584260704039 3.364526956883343 -3.3895489449205787 -3.6458585016751104 -3.945666976548773 -2.922847666611722 -2.2912058735077054 -2.2168219691122935 -1.5843321042073895 0.3169801616140011 3.064349151381616 1.0153803743600385 -1.6159666467602507 -1.7294485425801756 1.0334970254918934 -0.7324387117261677 -2.42743000052081 -1.060113772135344 1.2806972846452218 2.366118540070202 2.9966900206470926 4.24860967253507 4.375709708702084 3.3938814739153553 -3.571035510816818 -3.6434153902980957 -3.545016458010171 -2.8592350873968706 -1.9634618856119317 -0.9113720429935899 0.34670501831247585 1.8109510943391993 3.138313181943454 2.1093355347241194 -0.4311726862699164 -1.2781736140887023 -1.230842109396019 -2.0823808401978945 -2.479669689547778 -1.6299335431634339 1.7529656882876923 4.2447094714953915 4.9804965154820335 5.126976454924542 4.632408373566466 3.2828892059527033 -2.943689684671431 -3.079684628146753 -2.8338424119455463 -2.3983229614889994 -1.7617277289328872 -0.9677555790422115 -0.09978572901903256 0.7272069886378477 1.2928026218009456 1.1054550079784 0.31224942985978016 -0.1719108713301597 -0.24246761246882276 -0.6756738528874555 -1.2110930590262203 -0.4433828108711755 1.5344053905034385 2.97947106338176 3.470182914967805 3.5331523970428345 3.453603079750644 2.887116646553741)
(UseCyclicTransform "false")
(UseDirectionCosines "true")
