(BSplineTransformSplineOrder 3)
(CompressResultImage "false")
(DefaultPixelValue 0)
(Direction 1 0 0 1)
(FinalBSplineInterpolationOrder 3)
(FixedImageDimension 2)
(FixedInternalImagePixelType "float")
(GridDirection 1 0 0 1)
(GridIndex 0 0)
(GridOrigin -60.488495459541866 -65.90758097532452)
(GridSize 23 16)
(GridSpacing 60.00338583220755 60.008056514531)
(HowToCombineTransforms "Compose")
(Index 0 0)
(InitialTransformParameterFileName "")
(MovingImageDimension 2)
(MovingInternalImagePixelType "float")
(NumberOfParameters 736)
(Origin 0 0)
(ResampleInterpolator "FinalBSplineInterpolator")
(Resampler "DefaultResampler")
(ResultImageFormat "nii")
(ResultImagePixelType "unsigned char")
(Size 1198 777)
(Spacing 1 1)
(Transform "RecursiveBSplineTransform")
(TransformParameters -2.903239627779855 -3.1367228597237595 -2.907911731089545 -2.5530795434080957 -2.2045158483126666 -1.7497791279667372 -1.0410081850591992 -0.018849446906637157 1.4896127883671582 2.81274146561578 3.0897982802024706 2.6772442508677776 1.9425883563336477 1.13896984192237 0.6412158974314777 0.19103947111750957 -0.34300876920238865 -0.6662174047134323 -0.5641489140540453 -0.12706363192468814 0.6227384354492186 1.310463936702182 2.116318823098507 -3.591502589779707 -4.695975443625664 -4.600017281500505 -3.9924533743060135 -3.286562616352744 -2.593373610212379 -1.2338666902079531 -0.300268848162067 0.9457467444311419 3.0036650005274534 3.4072527930797345 2.4360036735855357 2.0436234401706472 0.2816771996276564 -0.42009730432362 -0.780210176298016 -0.9407412650981172 -0.2304724587847398 0.07574794425072721 0.3898010039408887 0.45087060659127537 0.7678975474009582 2.0997527501965205 -3.7664778443097946 -5.37502889334254 -5.201811782677663 -3.811444037620266 -3.1582971996024285 -3.289261305966225 -1.9603164412287442 -1.3856532921060374 0.7496119868690867 1.9639881452849872 2.580888246784351 1.689130398332294 0.9213674044488247 -0.5034792213852874 -0.8856784268660026 0.5042319820876503 -1.42000868368061 -0.2633392955093542 1.111362148512912 1.3765288944269616 0.32197115364884094 0.17762102761864804 1.7878216900481385 -3.629389708165949 -5.450781079672752 -6.559504842023599 -5.0189815128039275 -3.260651498776516 -2.610549718649869 -3.138565589546303 -1.3117902317869545 -0.9551614650553325 -0.1089228691061753 2.083816908963653 2.51707659845024 1.2925939212549578 -1.5731061481926218 -1.6173169389076116 -0.5430012767053756 -1.4128329989911725 0.319154956184463 1.9525726976379338 1.4211039157216392 1.1886642028770342 0.1064306034131624 1.616186097435148 -3.0621098810825425 -4.604470513219686 -5.731042514544255 -4.01411573501853 -5.077599032852877 -2.0645041816967344 -2.1406111060405952 -0.6638779608385174 0.07115282673948965 -1.6939540405783908 -0.44041382362242043 2.937040448619811 0.8473016921477782 -3.417000812214393 -2.130014248798068 -0.9496505325272814 -2.2235412840041597 2.057853165390353 2.429682567788528 1.5675571114282234 2.0123393382062016 0.8214455491392959 1.6990041209031508 -2.2564400599342487 -3.1409335196537542 -2.7500873679920588 -0.8517856001874302 -2.6783384547624136 -4.290718562953079 -1.1225507557550722 -1.5148642377452637 -2.441276594823812 0.448720835609235 -0.050593147570393175 3.072047467459615 1.284024206382594 -4.044108806275223 -2.369765645630017 0.2498637186915595 -1.048876924955362 0.23768250743273908 0.0737106129991061 1.0325151274036222 2.68830118512942 1.341458793570338 1.542149850002462 -1.3525070178465135 -1.935317130627308 -2.4746061334429257 -2.440963686792447 0.6729760791904652 -0.11704404336344837 -3.030885270830875 1.0008564775747566 -2.711508027735669 5.024782640100628 -1.4955639109645384 -5.564878650894108 -1.2755184585011032 -5.051377075775995 -3.5778005380316977 -1.7656594130087508 0.4131017657508748 -0.246944132491878 1.1465974270754788 0.5581524010111056 1.8186128317827075 0.9706369772245862 0.9865818092827295 -0.490642485055483 -0.34031540912032027 -0.6011710019697377 0.9829013791221778 -0.6414070758163409 0.3601150316095562 1.4922248295338354 1.0597168810896602 0.4915174372915053 -3.1754047630677733 -0.010432094185531659 1.334273467354872 -3.750794428248885 -6.233528379726232 -3.006374364877163 -1.8806646884563998 0.2219920943073225 -0.13281713818228105 0.6266520609172627 0.48594878977222655 -0.09067535067593999 -0.41990870443283845 0.2411937606573581 0.13530389665519152 1.1466946812243137 1.5735238698555827 1.8002564593138766 0.9245412951686228 2.506513737559833 1.9969853346761754 2.4126905707209323 3.938622374506741 3.4115399022561563 -1.9947863037595261 -2.0034001760632894 -2.154077592488047 -2.0387591010151787 -0.822819788088924 -1.8816675848663909 -4.129878043325907 -3.820540095159897 -1.5879574832502477 -2.824347461683476 -2.759056915104041 -2.5383487372559945 -0.5580723612670466 0.1504023027993534 1.1832440231673202 1.8144695171047898 2.59866044455694 0.519346385612122 -0.3134656459455441 3.729263443399071 0.8187458314659725 -1.3246538825153837 4.8140184187043085 -1.254180977345748 -0.06679505220482737 0.3950092882423005 -0.32890655152202375 0.16893053712608544 -2.59907663388979 -1.7868441529662213 -1.962416884271621 -1.7474197932786024 -0.552811987949992 -2.2622558618662745 -2.8147019955247545 -0.8311748425548273 -0.35980963741418576 0.2172325426948806 0.18010982696943237 -1.1929373746572518 -0.21044990647082087 -0.516027795568438 1.1002734272937666 2.0245736115951076 2.4057489103103933 -1.604132160062419 4.992557624349365 6.030369194266996 2.5915430103377965 -0.20465666123894766 -1.3053351932445845 -2.501579634578713 -0.958523919368457 -2.2529355531583612 -0.0023903896893050676 1.6148305887871228 -0.31705258236713313 -1.7311378660175472 -0.5694608192031552 -0.831105534646804 -1.8184050167360744 -1.8071647709221557 -1.4364978732584375 0.016673091044561935 -0.7236200135211162 -0.4423314718874936 1.5201203641480956 0.20510885522834515 2.0295231494681425 5.422124113536006 4.608361085261192 1.5430718321209949 -0.2291155708724702 1.4043339006286288 -1.3946646108646608 -2.273208102635573 -0.05358017865769414 0.4783978967130762 1.7455087574694381 1.123944765605679 -0.6646570999118 -0.2910334449141055 -0.987596777868518 -2.2907708519957666 -2.20132683729696 -2.8376487119537215 -0.861537754887918 0.20783187366138792 -0.7905774925791567 0.6512185362183401 1.5711421951668951 2.197342695365307 1.3970084671535465 3.47995757017007 2.893543523678912 0.44858545962802787 -0.35711731989157935 -1.6320114844214277 -0.866617494131219 0.06723460802291788 1.2285564756604443 2.7302754374099654 1.721226423572101 -0.15930193323620898 -0.12909239882007675 -0.8504705033061748 -1.953518182819643 -1.9909275710997512 -4.006656761703549 -1.9084221974206883 -0.7500276576149979 -1.3602193511445915 -0.6073750484671376 0.5052810398372238 1.158195633940715 2.544114575534199 2.191764048825502 3.750225444241017 1.8429517768979793 0.7258423100812806 0.20117328974844897 1.8450960503496474 1.6142108903421757 3.5223871846233843 2.802868352635639 1.2906696079478714 0.1769290161753525 0.09426367485190974 -0.5809743711310282 -1.5420910973605622 -2.229608842263534 -3.333709488728904 -3.2267926727036884 -2.353333382246756 -1.9386055261763473 -1.3772364106728672 -0.7435118171091937 0.17227665844687867 1.5529963841165462 0.5225307963889709 2.9165568641618425 3.197989204242887 3.0362114120115917 3.111299985145579 4.806402245041796 5.971051703146725 5.3474894730536 3.2657658535069705 2.0017676674992506 0.9398556361815721 0.35838588681856576 -0.018281610794470212 -0.18143128422560548 -0.7101427491208127 -1.3142765900587372 -1.587832800436903 -1.530161144162405 -1.279717865254579 -0.9082606862944886 -0.5743058360172095 -0.19764659277456403 0.3887916194783885 1.2086714275047763 2.351786127180175 3.253843932067347 3.896135228385012 4.520932969899745 5.431459279370962 5.871086915697929 4.9386363707907215 3.503693100451277 2.4424831717553928 1.7367916506851835 0.584234571627688 -0.3056351541421593 -0.4484851340722001 -0.36659776389274423 -0.5096634140177279 -1.2218639657138084 -2.1619332213541624 -3.0075105066916468 -3.3888401334083387 -3.074161724344171 -2.6381488915199767 -2.5269762321694356 -2.306507760458098 -1.1868412072060717 0.16216981407705966 0.8782078865003542 1.1139992522466855 1.081238156305584 1.1156273310588711 1.4663702719708311 1.7709296639670324 1.6973777446132718 1.456280449718218 0.6135478591424666 -0.5710184982568771 -1.0897274553431617 -1.3398453607728278 -1.6509879672951608 -2.1371472011877253 -2.597884308668392 -3.9334326880545603 -4.565653637751967 -3.6109453970176433 -2.076803435792334 -1.0285785658480038 -2.6774348509045436 -2.2260437900322794 -0.26990650461549187 0.491564637235195 0.4972538837698466 0.1902360876556709 0.5501322097538854 1.256753398027666 1.6901635902599845 2.1519298793927204 2.2850695233826013 0.9341248246046785 -0.7197499961732169 -1.869950580656682 -2.314199791056809 -2.00942377949001 -1.7804901601954126 -2.231077764393791 -2.7140409162341137 -3.287408512694273 -2.756646254005674 -1.4774419713017948 -0.6828861569535584 -3.411579858426914 -1.1899362825990005 0.5469724204360747 0.6776025674927181 1.1275520283899354 -0.29766927914704017 0.27856256477745744 0.8481924999485059 0.844611524942234 1.8459217261175036 2.517882475398306 1.021258416799409 -0.8547379482138554 -2.177059665037725 -2.3206224767682873 -1.5696371842632513 -0.961498004851909 -1.1236692888982625 -0.18539616127172856 -0.16773302716360272 0.4084006301960444 -0.8883492977915823 0.6381967769901694 1.3708689639935947 2.376954843040658 1.343195547784908 0.526016945542349 -0.14287359024768173 -0.4594462689772958 0.3346159320599084 -0.8678549252532356 0.12196941975788311 1.507408089116671 2.594060747823466 0.8754979723636125 -0.8876318934468189 -1.3912063067149922 -2.124925878790189 -5.8280503525463105 -3.302124396269667 -1.2627442864704317 -2.3553463840641418 -3.0000102002255646 -1.0134456126249953 0.8033767948209675 1.4986428181782059 2.287340120236128 0.6468759277267208 1.5927965469684788 -0.011705346299213961 -1.5199140515603144 0.11795876540372516 0.8085164203459984 0.8573551280465104 1.0359529019074898 0.8084225007674201 1.691723379847367 0.293566996216736 -0.7989137850447229 -0.2870389900987031 0.3679978729530591 2.765855619556247 0.8232976227642738 -0.03806896614013557 0.3814695971702462 -2.501729001153768 2.16359184248096 0.3372461003957772 0.5442743918467443 -0.09578579168598866 3.269718203259713 1.6912755829332102 1.1536923195934885 -0.3485474526334567 0.6020683748860567 1.0933633848084274 -1.9352444033957035 -0.286699366434412 0.5587662081292791 0.2095865285716473 -0.7442589034549096 -0.6852469466353073 0.9019002373009843 2.0195790347679345 2.4611134480094683 -1.4744865492263874 -1.6484682116117289 -2.8475040072757394 -3.5664494243816125 -0.04135151426002047 -0.8542320823386556 1.8912414765475403 -0.39732184920587277 1.840297214464709 2.5612413880635767 3.0566747627643625 2.2887518710520265 1.7300414012705922 -0.10713211441198549 0.9365227495644118 0.2995156286215473 0.1356824535990537 -0.25817246063012633 -1.8921982687806855 -0.8887739721827502 0.9242365452678832 1.4753467655229564 1.8967825057704304 0.33799498606402395 -1.2815674782799202 -0.5885440014388971 1.981049921484238 4.555894885827199 3.6252659071106437 1.020552545381105 -0.6925653885552002 0.5007078812961897 1.0231813968911945 3.2678836144759567 3.0939757519542668 -0.48483944258822187 -2.5671476821743195 -0.09267340102983557 -1.2795075712117707 -2.4370556240968133 -0.913146223914145 -2.598945326841197 -1.5528043792551818 -0.47179939222619266 -0.9661911061620032 -0.7552194140887983 -4.085205589875875 0.5378553475958924 4.105748301648857 2.0859405063291097 1.1147022056094222 -1.7142589371522832 2.964326037374087 2.4682527272671573 -1.7692237439282048 0.35663908542186484 3.3260219707058054 4.826507649122692 0.9008084666248041 1.5800306665688058 -3.1577894602070637 0.2889809127813572 -1.4425397527406485 -1.47874161217702 -2.8011243300918807 -2.7655223403311684 -2.5909695166972018 -3.759386341730248 -2.9973034464978503 -1.6001338145517165 -2.147395155026308 -0.9363172101742445 5.420750142671523 2.751642667856695 6.482440056272938 5.0480267786073245 5.235988322420087 5.787651451000736 4.384946629269478 4.167329248952652 -0.1701876688053019 -0.7149808573111063 1.5042237347669605 -2.6267676763498087 -1.7867106848916985 -2.2881418415038386 -1.7366675544685157 -2.9197480170986765 -4.268356266563375 -4.6250128193584015 -5.389689560013597 -4.155399751268001 -2.0736634587836345 -2.28291068492576 -1.0368218368769466 -0.2900272254240871 1.922547800912423 -0.2462576358057151 2.379039280214574 6.637250055754017 10.138377097375841 5.717690165167684 1.7164663189143958 2.4136460033109914 2.0867751676970916 -1.668274361180726 -2.144813092576896 -3.500642794214352 -3.739447831975091 -2.4667695764542645 -3.223644109674216 -5.296122410829236 -6.467169764959234 -5.611174961444108 -4.414445180388799 -3.384841109570803 -2.6925425988067047 -0.41503138023151975 1.3565388832686265 0.8942565349603168 4.7560197592262865 6.523229647241134 3.8175342781800463 7.82530858895687 6.34023067297812 1.979147643768488 1.2470319827851948 0.5891229954094552 -0.039302092647197924 -2.4216883465481995 -3.3948266096993476 -3.6717897195067537 -3.6110975007327717 -3.8288955677167413 -5.604350133185288 -6.889063845096532 -5.452452271073247 -4.9235573710924285 -4.418604911794305 -2.157713213677774 -2.4873445885851244 0.7192325984050607 1.676824278497353 0.8558830130422225 2.327332358178944 4.3210130911538025 6.240412035882653 5.9268638811505365 3.1794005583560696 1.3295979313351791 0.6170413429012506 -0.15483690460849647 -1.4745029665688798 -3.2815693651726403 -4.944642601433148 -5.40997339338897 -4.59311174025173 -5.384985677390881 -6.670750359598221 -7.02746303048046 -5.154024233666118 -3.270852788529294 -1.9381314296250938 -1.4734640573594755 -0.25048933422272324 1.58408945115817 2.4857688450589834 4.9393013929429666 5.254424216543899 2.6539810611146732 3.325232189278843 2.9235507955762317 0.1544630499133498 -1.4162367919139909 0.6144105363192088 -2.217905277583184 -4.443938759308342 -5.787234736810872 -6.0880527038035375 -4.869704252685476 -5.087497501057218 -6.043300234847137 -5.677078166395047 -3.781129331469029 -1.7280123453467238 -1.4153178240460706 -0.86773775498511 -0.14791367136175793 1.5025132313162213 2.9525076078348444 3.459201833653066 3.9999701539502612 4.627519811779214 3.534236399591419 1.0317746730582975 -1.2357878069387784 -1.6004038180530977 -0.203659746019575 -2.74277972276018 -5.1685115475300085 -5.597194642876665 -5.7680272163436825 -4.749101715684955 -3.378559518307782 -3.2900429626311136 -2.729806932419094 -1.9269354984926765 -1.2131719565362993 -0.7197305860733856 -0.42832530286231996 0.061507404723842245 1.257010757937611 2.47025752299536 3.0361820054628352 3.0171271911426265 2.540543672809467 1.2892526570942842 -0.3983821778194185 -1.814873705656828 -2.343244432859804 -2.522237021485011 -3.095610152545057 -3.720499818875209 -3.9606608282107425 -3.9885499486421745 -3.5911367963943004)
(UseCyclicTransform "false")
(UseDirectionCosines "true")
