(BSplineTransformSplineOrder 3)
(CompressResultImage "false")
(DefaultPixelValue 0)
(Direction 1 0 0 1)
(FinalBSplineInterpolationOrder 3)
(FixedImageDimension 2)
(FixedInternalImagePixelType "float")
(GridDirection 1 0 0 1)
(GridIndex 0 0)
(GridOrigin -91.94232679734883 -76.13892074896768)
(GridSize 22 11)
(GridSpacing 60.00248283649198 60.014113714346)
(HowToCombineTransforms "Compose")
(Index 0 0)
(InitialTransformParameterFileName "")
(MovingImageDimension 2)
(MovingInternalImagePixelType "float")
(NumberOfParameters 484)
(Origin 0 0)
(ResampleInterpolator "FinalBSplineInterpolator")
(Resampler "DefaultResampler")
(ResultImageFormat "nii")
(ResultImagePixelType "unsigned char")
(Size 1081 454)
(Spacing 1 1)
(Transform "RecursiveBSplineTransform")
(TransformParameters -3.097158956618531 -0.7966370495860665 0.8605003275439862 2.930543042552863 4.83099585629192 6.467431061088687 7.8225377332021235 8.977412650116879 9.795969670478271 10.040488160300715 9.576681153835116 8.115748136306856 6.075445524778095 4.60981555229421 3.7637490882594844 2.481888939942119 0.7508946428198091 -0.4630603553003552 -1.0095394743406958 -1.5656528658996638 -1.9330244713006082 -4.71905359389416 -5.476256342359712 -2.7800712224678366 -0.2590396462233122 2.573709309638912 5.024503580476179 6.392266995689999 7.914333059347465 9.397867613685875 9.930285277507974 9.696140450777532 9.512812950418127 8.81959280337381 7.699462135225273 6.036626199363809 3.6665266782014303 0.9522511954142827 -1.7115335685745676 -2.7707779290789283 -2.862735894126851 -1.4298793083330612 1.1226249953888034 -0.8784531566048533 -5.729818914019942 -3.04690354299807 0.5431950730047144 2.184157033717368 2.274450079285879 5.184896364235804 5.864565910321745 7.376385781021656 7.539631750378936 3.3405154691785923 9.766479829570043 10.824744410793176 8.779430804918382 7.088331184777129 3.2914162418875907 0.6449447393898944 -0.8925834596940904 -2.7055103360038433 -3.336677233611161 -2.4459900910493455 2.320523901159374 2.1187361428804574 -5.960079713087001 -3.57505227487363 -0.6994898007519592 -1.1571154534345691 2.269118865940392 2.7944427538455145 3.8419026086302037 8.2651059222795 7.323027146119029 7.457379382065077 11.57252199335793 8.859454968940206 13.954747260526974 7.854003155013109 -0.09400681244460969 -1.6307447929809942 0.6556281983714107 -3.245898125219071 -3.7691644680671708 -4.316570378084893 4.073048162781638 5.854826188780894 -6.435571076090832 -4.489299242880767 -0.05029371991309909 -0.3031221589597091 -1.0445583719112281 3.513704863250609 4.531235740434625 5.632432769913968 0.8172071532503954 3.3929407396655002 8.236558015136666 8.87281241824039 10.961802664483468 12.571954816304038 -3.482978102436001 -0.4895381963498337 0.04171413398858814 1.9223435200932322 -3.621504918988382 -6.639657420456525 6.443960534969627 9.23486575780721 -7.389555078087143 -5.10817094558602 -3.2339469250192407 -0.515683272165085 0.9619171296230933 2.976902418683572 1.8470122421898774 1.886680367914773 1.5945086258423602 2.726225507803958 5.281788825216979 10.148964209583161 13.113282578840387 13.016712182237182 -5.4752153140942665 -3.090476423089249 2.0716512165269143 -2.3719666494844063 2.1084605443075324 -2.628775451274583 8.512753285036558 11.70328196246772 -8.913170613102121 -8.268238254781306 -5.200118519146414 0.5508134939643975 -2.173278914491109 1.2518531515251285 3.028339154170502 2.7942830265541105 -4.95988647843319 -2.2464628440459196 15.577763639820965 4.526696203134772 12.844012876258045 1.750536190301924 -6.72669319127902 1.006088952451091 -2.543636164628623 1.5503857739072882 2.969916030234436 1.0762884486714168 9.875085481819395 12.4924210822783 -10.194792526965955 -9.894286949668874 -7.48048918755767 -1.7891342475866354 -2.227313253795983 -2.1341620321572536 -3.3039510262147873 0.7224178948490593 -6.52362523667091 -1.8383219850017052 -2.5234063713340857 5.059847092878789 6.184549217241261 1.2918633749283246 -5.432790303504609 -4.953290678880058 1.253436911089287 1.997503234677659 4.472654869292698 1.624296084971572 10.625296756042433 12.231609629973489 -10.291722935701285 -9.548012784225861 -5.9368174693665 -5.926090936819989 -3.434370277077614 -2.0156335659891327 -2.3854907413706985 6.765275622296058 -3.937366374222397 1.553178469357622 2.7854645202740715 5.888899092042787 2.7899432033262435 0.1004477844637739 -3.0146240148300474 -4.568568030126717 2.6781009045624096 -0.1720324932312839 3.027641748237324 5.82274920456953 11.606991843842783 11.261824116192953 -9.772010695121983 -9.855896866050433 -7.7499075081165785 -7.052502348523011 -5.577349130970818 -2.921366173736611 -3.905652954288878 -1.008649319597868 -3.722920388378573 -3.897984878998231 -2.6127274542611634 -0.9732958519072081 -0.748605669486192 -2.065909488680793 -5.396304502325439 -3.409197951059524 0.6521306267399459 2.144716737693624 5.059483766525997 7.233856298240879 11.500952645372509 9.966666281188607 -7.403207156642498 -8.293199075806399 -7.396451387409408 -6.528523968839342 -5.586389539349025 -4.400926926796786 -3.148598643594 -1.9060845927693202 -1.1848950233844655 -1.4133091142725178 -2.4242977199969564 -2.9028383393261565 -2.6282938290763274 -2.2219188147969633 -1.8425226093851368 -0.9329979302565846 0.32181295629269074 1.5473099238506265 3.001548824699495 4.789214668032134 6.860901915933224 4.904622128138615 1.0278035564641654 2.0753443207629823 1.4569977903920392 0.775356965606937 0.17413922425957234 0.3365024877449784 1.3125715471060322 2.203626498082905 2.792097064011265 3.1688137339638365 3.386654084260795 3.3070146380119505 3.0761858021132777 2.9451662495366246 2.8270127367972786 2.3243450039896834 1.4135242599940416 0.4097560210741174 -0.5594661967289244 -1.5862387401904772 -2.401078970399702 -3.739276631952757 1.7327145828043535 2.854274215091764 1.6401974004263615 0.1211720352302738 -0.313538497924026 -0.28172135856035974 1.2180715207194592 1.139768218371503 2.3098012264457335 3.4220008798531976 5.864788336051364 5.190774958912039 3.2110198700270987 2.5069100645481357 3.095645695769353 3.0483488578713667 1.6040268336272734 -0.06965936549036773 -1.5761156403610599 -3.100498476585724 -4.207189944053807 -5.833921469897832 1.4590262534869856 2.603305807856529 2.040015184180125 -0.6177853691762449 0.7334536057237562 0.534259325681316 0.16769733886069305 -0.5322446074654174 2.112902252416587 4.627112100943839 5.1271176529643965 2.0388644362778114 2.5511425249125526 2.5045793491382113 3.389045630520747 4.825961237812503 0.7792778080994069 -0.43765094475714034 -2.7537708195482713 -3.9857827223811553 -4.9648256893852825 -6.4336697504151 1.1837665141318046 1.6912184372712933 -1.7012392054827772 1.721949200733624 0.5860926891999065 -0.11248214404189415 -0.7349028336410875 2.9099341991225143 0.786622710436689 4.207787548036259 6.0040015673652025 11.136881357175032 2.3502654705632193 2.831086998707447 2.042217097730849 2.4257506805672935 1.4740041648042483 0.746515551503011 -2.6559100248107956 -3.3104380174964496 -5.64911613881232 -7.021758437112139 1.2983960646835049 0.861429153750325 -2.137987879446522 -2.710777914348018 0.6321052801111468 1.1540278126543717 -2.9807502311265215 1.816209729717433 2.307010524203807 5.641659558231787 1.3712120460820527 1.0517631203779074 2.1804267968687103 4.738008393867757 2.9686543410845134 2.6824981764888993 1.6724172698542537 -1.7452244437042155 -4.084032266032738 -2.5850555099948993 -5.919808499232888 -7.50555260510868 1.436325465061598 1.635652100426159 1.2039909188150408 -0.5861091517983903 -3.5576159867640316 -0.9108496807609346 0.14413643171497448 0.2316821369286731 3.5372507696389768 3.9264390570548087 3.241093686479813 3.1480325597822256 1.2203608733625868 5.348532948036724 3.9942757635171993 0.5420524437382795 0.7764210345656423 -3.322810619857686 -3.1478308443276664 -3.2437073104612604 -6.005180112666009 -7.933764974910348 1.163137915406114 2.114987772916348 -3.780480671211115 -1.6970188158455652 -2.095894771528127 -0.7883610747741853 -0.2469156948576632 -4.099217251047864 1.3426851198858933 3.284980139086957 1.9836132392728967 0.6376285138137604 5.548533544787745 3.869159954518661 4.135687190518625 0.21648331905230112 2.0365396608646598 -0.14169416767230972 -1.6442494901637952 -5.937654890870901 -5.9581559560280795 -8.23479226902083 0.8521817273390638 1.9155978479387983 -0.8306723340823513 0.8673273081208356 1.6556443849477036 -2.849996480807162 0.31757139168044934 -4.173174756319609 1.8073641315351479 3.4358926512238868 -0.5948750216961186 3.644813314087954 4.287028696414128 2.683716223310791 1.3838594849468184 3.9279043706306602 -1.7137578171200056 -3.67393023123424 -1.8203361202335744 -5.73971894796217 -6.080442505069365 -8.35184299167776 0.8472797221014 1.4641712112256595 -1.5243736119052362 -2.0248431169043837 -0.058281707986103506 -5.52919687459038 -0.28341915075520535 -2.0221869746609107 -1.8534738148481902 1.283058254706412 2.4263264383266203 0.963577787710746 3.5048537230711463 3.5706095928925357 1.7540543255150638 1.9688466897417192 1.5621637217433073 -1.1223900171056809 -4.087699686222348 -4.480662110495521 -6.715319219255979 -8.122695801048607 0.8839802751700059 1.3328097213338739 -0.13770570092357914 -1.5579401751445952 -3.5505328853074136 -6.3405701162312385 -3.386687557362516 -1.7733667815581442 -2.9139080646914146 -4.501728569623192 -1.5858479936989505 1.0651049324169317 3.5240092967810632 3.7961711984810314 2.7322994832550402 -0.9508437004494626 -4.696944073689244 -3.7080078651020014 -4.653555229888412 -6.02353380611068 -7.136244389373175 -7.710390766180957 0.01464870956304666 0.12138033824492007 -0.8700057151189837 -2.310696534577733 -3.840675973939062 -4.521090023768566 -4.173251476418922 -3.7409117937564864 -3.378309396957054 -2.499030791892139 -1.1128103964830673 0.23092354150419353 1.2326645041796767 1.3558358135892583 0.5962334357926293 -0.7852397757203995 -2.394068454152359 -3.6943066376704294 -4.788989558128861 -5.514810137734329 -5.762582731821919 -5.91722774527753)
(UseCyclicTransform "false")
(UseDirectionCosines "true")
