(BSplineTransformSplineOrder 3)
(CompressResultImage "false")
(DefaultPixelValue 0)
(Direction 1 0 0 1)
(FinalBSplineInterpolationOrder 3)
(FixedImageDimension 2)
(FixedInternalImagePixelType "float")
(GridDirection 1 0 0 1)
(GridIndex 0 0)
(GridOrigin -85.39362704041268 -78.99151544090029)
(GridSize 27 17)
(GridSpacing 60.006908521682966 60.02044753728966)
(HowToCombineTransforms "Compose")
(Index 0 0)
(InitialTransformParameterFileName "")
(MovingImageDimension 2)
(MovingInternalImagePixelType "float")
(NumberOfParameters 918)
(Origin 0 0)
(ResampleInterpolator "FinalBSplineInterpolator")
(Resampler "DefaultResampler")
(ResultImageFormat "nii")
(ResultImagePixelType "unsigned char")
(Size 1391 809)
(Spacing 1 1)
(Transform "RecursiveBSplineTransform")
(TransformParameters 4.949397521154098 5.054291955198607 4.516733188728238 3.600225247811485 2.4257700882084396 1.168127753592969 -0.00814580419414054 -1.015383465113698 -1.7695041428621763 -2.571294395013825 -3.6945143562790523 -4.685472810624426 -5.096768587209803 -4.946039908880248 -4.252910564452823 -3.251659553490535 -2.14862835519417 -0.9502439556007709 0.3360561375129119 1.6352057273026532 2.8572639984808537 4.024013096257316 5.095283016981346 5.913456350849853 6.301456091707608 6.3500158834834055 5.396197867216325 6.47020939950055 6.509320304528655 5.815122198011434 4.749289754870584 3.564307809352205 2.1971230610033627 0.5424796924150795 -0.8805532785127733 -1.57040254946423 -2.580981283719923 -4.758418582110229 -6.592441119988115 -7.65073706111536 -7.076982397879545 -5.954663969629592 -4.874138295443574 -3.581345734042188 -1.8807117258304913 0.26276338290935003 2.3193717546804966 3.215649406189854 3.923786540129176 4.881521212665583 5.263468199616406 5.565062784967838 5.704638307099128 5.110791521748523 6.691812777448018 6.732811622433062 6.1463355609725605 5.398406704002138 4.838231140700446 3.5261614313664027 0.16020643534640358 -1.6382452106347087 -0.9711681513781746 -1.4378868421795465 -5.387440667919391 -7.3591300907756425 -7.282837150974062 -4.978000351349203 -5.136304477268629 -4.0194390326586324 -4.904217968329253 -2.796707080207836 0.61565078173928 2.9653014494276895 2.476122380741277 3.706788039814956 4.344916517963806 3.780565242030929 3.677807569686589 4.220961395680691 4.333207221765571 6.876945689487631 6.938339405605085 6.405428660888831 5.407771256387916 4.091621027540786 4.0784227146304755 1.2172503156278247 -0.8355350636923269 -4.168435512249936 -2.728583228506905 -5.660928775961291 -7.581874396759847 -10.177131959176752 -2.9193566773624195 -1.8138026253734445 -5.289709950935478 -7.406882489093 -3.118504967040761 1.6850543812536427 5.668042390733281 3.117028389412132 5.446420416816324 3.310519144320926 3.100117255525542 1.265961561766943 2.321225814737853 3.2708754102925406 7.120296060103473 7.265146177087132 6.682650654803787 5.025679635896701 3.6037979592855023 4.261122703775897 2.75614709559791 -0.34845384426700743 -7.18984546186005 -5.323577422020675 -8.248311319982275 -9.026153348221882 -11.240435771824071 -6.386035535730434 -7.919284952186674 -13.487814266715322 -7.046175773499643 -1.67871228225168 0.4290523988615069 3.374614912012004 6.015817575746114 4.477194818940386 1.5727887583304483 -0.3560021280886973 -1.636902637994618 0.5951384550031833 2.265780572336293 7.408027673484281 7.800754444545354 6.982136774984911 5.381641813733609 4.425483969174306 2.179471632929482 -1.184687106390139 -0.7579818594291097 -1.5104533109053229 -5.153924373164788 -6.088932675959058 -8.395852298756736 -8.044483188574931 -6.204161387170499 -9.695165728576372 -15.44623117724751 -6.116501718806241 -0.4214093755965979 0.6420720613509476 -2.393125397056997 3.509398349601162 5.746608452562057 0.186420827036772 -2.4600462140660286 -3.4251954141997945 -0.9529803618611664 1.3363410175888295 7.635479898026715 8.190325155356625 7.506287342157025 4.953996857048896 -0.027524723872946244 -0.32355391044594844 -1.8685421154849737 0.8462615653331423 -0.6985795061282909 -4.5775096513333535 -2.9159852433426936 -6.159606066329756 -8.072076322370734 -11.681879018871491 -11.762889661166811 -11.12500551893695 -5.4076573346300085 1.7564149583449928 0.4471769114667595 -1.2697992121331234 3.7292143169496055 2.05772148995256 -0.6668888988758221 -3.9220647205914876 -3.426682535112556 -1.4406564719147532 0.5586447921295269 7.6440205737574525 8.478325590250355 7.100734518860502 4.677222286270182 4.709112793326432 6.570567356097572 5.598491147424621 3.591804552541749 0.036385296242519384 2.117502632254113 0.6279692994793286 -6.060727003777864 -4.218355559184164 -15.726510568757833 -15.704454785384069 -4.126495677627335 -3.9867391873937623 7.223416415846721 -0.06602191926917396 -4.386163080004866 0.5127371686545564 -0.36666949087634737 -3.1381725588217515 -7.688741525763884 -5.983271024090531 -2.5741831152161168 -0.1865086027273608 7.28023550936018 8.588843267494449 9.393251832236183 9.777376320437126 8.510582225050422 8.589494789510175 6.699555624011955 2.68227990824023 -4.253990938720172 -2.024005371776765 -1.2882409657521845 -4.7583348896594275 -6.609839642420839 -5.60135787698278 -7.997262683111445 0.8266587627847078 -8.070067549769911 -6.723779834048335 0.6573644305413622 4.705332416003177 -2.34149067805817 -5.169495496608688 -8.560503733684461 -10.989403256976953 -8.409946986379305 -4.301663183114082 -0.9878139694994379 6.565482346156382 7.888105444448693 8.24703161247977 8.145232442113269 7.320427645773891 7.670375619197599 7.573744743023796 2.326988202225283 2.553740587622771 0.8715325743914648 -2.2072931879188884 -2.8638092377619775 -7.4385820969567265 -4.578163250167958 -0.8317637246239029 0.6489806188825306 -1.4453536947716266 4.103407536537839 -4.650365592231722 4.360257384690542 -0.4665863036203375 -8.829155983807548 -16.04064639336327 -15.45237688335456 -10.167758914587631 -5.862656378928825 -1.7509179099185692 5.522917801310582 6.29472281716922 5.838810674673541 5.90383221914117 6.922471941632344 5.5240734986393925 7.203702443396785 3.1598965623982993 2.787123042037725 2.592818665938459 1.8026182913932798 -5.0746847323840845 -1.6390977526887953 2.5865671329607567 4.084465218195926 7.766167392565829 3.8909904265145605 1.1441123248905267 -1.5919937518900642 -2.0117757957843008 -4.040810694042979 -7.845747917027602 -21.051057169214694 -18.243535225365406 -11.27871988246847 -6.9195321028216945 -2.3794109263578154 4.332268880681942 4.112070236975671 3.1944822117374096 3.694401534824108 3.496397285785642 6.081904048811159 5.638742841140575 0.791068815419471 -0.7099697674112774 -0.09910457337001878 -0.9767088167907477 1.0889053262710526 7.075113907892189 11.26996957888233 5.740774944925772 3.8995981741175663 2.258114198161858 -3.7157720179781473 -4.140102313141952 -6.833307506397982 -7.089681403594065 -7.749642437544105 -19.39389363680985 -17.61969841190565 -11.796543452692726 -7.295419413375534 -2.8241498973714663 3.1716939273107734 2.2732417745223406 0.5485476519042334 -0.0008918164621151394 0.7325996563347039 2.677820408159828 1.4982215219636807 0.40478792875960534 1.5021602840364776 0.4447257476589528 1.21217763165778 3.707237973253098 8.628370597082268 10.022570704384128 5.9754976408283165 3.817555717684942 2.496191447398272 -0.9780539589030202 -4.155106606818079 -8.82176503833284 -10.67866234771119 -9.061488167038538 -14.683229623063117 -14.636033613893177 -10.371496858383205 -6.530384286540563 -3.03688376163871 2.155514546547616 1.0017849527310252 -1.320304838707808 -3.14506093441176 -1.0036289904526436 -1.3456145527224241 -3.157719652620821 -1.706362282596214 -0.20981164318140338 1.266722431704214 3.3115313424106625 2.9807382335423944 6.469908318553548 7.297154329354923 2.296069223419185 1.2816871150535956 1.7742634194930034 -0.40152703882765955 -4.063869684540085 -8.82648799235189 -13.351613916442012 -10.400284106010687 -11.355079307330923 -10.618703410133554 -7.853697574563176 -5.67443544736858 -3.11651556466336 1.3243580131978918 0.5021041222952334 -0.7494665063116573 -2.2406927619160215 -1.23086657765486 -1.0432888061713694 -1.2054118771514961 -0.15284855417451962 0.8423743416280556 3.201749694780705 7.207263896187628 6.295112997247373 4.269572905016145 3.350975456828475 3.385670872959953 1.3146700427603233 0.13268316500823044 -0.1993042196422868 -2.0720809817945454 -4.462043730034774 -6.188453808473904 -7.8102802879631295 -8.674610744129076 -7.213813688728428 -5.8991904292686055 -4.856308164230559 -3.1244947128549705 0.7204185126035593 0.2730458512175627 -0.2500950198358146 -0.8360194909955087 -0.9031752024584292 -0.6273762690737005 -0.05922718577271253 0.9502200568257572 2.4036867885251225 4.345269270231174 6.183537298358011 6.108555068987969 5.722271476210787 4.91040784449114 4.776800259278315 3.699781399535865 2.235886870928288 1.091645623562586 0.06857005386311779 -1.3173258046978165 -2.688619660897269 -4.582139951273235 -5.252953739924221 -5.065163636425564 -4.670001073296151 -4.155099640852635 -3.069054941754818 -0.5030531453761621 -0.5737454527643674 -0.6105889930057739 -0.579295568808677 -0.3933890648459429 0.037166570346136546 0.8062903799901431 1.8224237112615091 2.9941411506073994 4.064041390885228 4.750068351422326 5.054854855572725 5.0508645542800545 4.880402883368095 4.690871251322611 4.345428806411058 3.69452794557062 2.8569663973100936 1.954197684635035 0.9631698440987997 -0.08319614073425634 -1.029510328525377 -1.73820903188211 -2.242778710357921 -2.56728854351967 -2.7182627221515245 -2.5866086326490687 4.2096896331357 5.328549214881317 5.251016343801713 4.893203743060741 4.285120098343918 3.6106034855761946 2.9898807736310524 2.392854863177444 1.7827634219704886 0.9100759632017983 -0.4566721112534206 -1.8806838599800468 -2.907578009526615 -3.4717196817789175 -3.5071312177771423 -3.351542001192123 -3.340783295121993 -3.2700580645877717 -2.9346846304944574 -2.327431948011875 -1.434437427156184 -0.39432639342945836 0.6984403668997271 1.707490505683514 2.490713112981837 2.9706473929315687 3.1814751595118316 3.565655272126142 4.602714149307009 4.83312206757637 4.7140711456693944 3.915289455819723 2.986064808062379 2.3901461383526965 2.071450047747271 1.9209196131607396 0.8245434195087531 -1.513622254570085 -4.080330447527548 -5.393431952965913 -5.506030279045357 -5.212850273668893 -4.69304064446119 -4.3497176431072315 -4.063823693209673 -3.55989835093888 -2.7888471855954973 -1.4733884715632457 -0.49012843447252336 0.9705987085975909 2.5066396099971318 3.621387980479659 4.262674198933141 4.455944718926404 2.7119790834555895 3.651379090506231 4.285831254508659 4.522072511353359 3.700481953728186 2.4038842407840124 1.4394493063459841 1.5549288079945818 2.3747389553115847 1.4987038519801679 -2.1318761657043397 -6.0816948141160285 -7.533948756423038 -6.302559512192692 -5.794820586205514 -3.1642453645593873 -4.000073018313932 -4.74872820319785 -3.8030994536125213 -3.695223315094873 -1.625658903631946 -0.766171299705334 0.8446924482025915 3.107596813400113 4.15303193066223 4.810721416843858 4.84453751858819 1.441936563506552 2.1020474457593648 3.242520844780662 4.066703777048785 4.202101660441375 2.7878017957236585 1.39605849244901 0.6792776312545858 2.2635717788562486 0.9928166593214253 -4.476258044681242 -7.025641802552584 -3.408033936606602 -5.4538383819375795 -7.754745146047236 -7.049800747818085 -7.207386762603024 -4.821610470598595 -3.5173401117704737 -3.6374374341628424 -2.083648851866349 -0.962818706822784 1.9582771944861668 4.544104820275314 4.771653054966257 5.307964008136297 5.208126238817684 -0.04320591455097921 -0.0691022824528768 1.186128519930594 2.939982422061404 4.635997052915125 4.1448614189488735 2.2831804056782152 4.522393171591033 5.187680631371493 -0.4442906740684585 -4.3330352664982215 -6.679793767011026 -3.4646094937323797 -5.361460489624637 -6.17822938180808 -9.088924547195761 -6.085944014773275 -2.334950786287696 -2.3516326733939366 -2.435401852743226 -1.359928055931709 -2.953314191944833 1.7223964662947346 3.73582619813405 5.325711576325208 5.628986067633476 5.452984724820383 -1.5880308295664418 -2.750634574861409 -2.971511575321841 -0.9972295886408977 5.432193165765191 2.4399100015414623 1.2323370437584493 5.794977947729119 2.6798270394888863 -0.39603180719118003 -3.1472496345223093 -7.42099883726144 -8.398190076291236 -5.272417330251098 -3.885133676267209 -5.453643347021909 -3.0453417190772294 0.10181798421449022 0.24716866405839738 -4.852059826111978 -1.7429907647347063 -5.946663730047833 -3.5028290206326935 1.1675039678886718 5.132219127318953 5.845509077539039 5.56780955811066 -3.008686599584774 -5.537218486559268 -6.06983389741917 -3.9472182496649824 0.48050950134682174 2.3608776024616795 4.513569918255057 4.826422624123198 0.8319986083639127 1.4394420521377131 -3.695704172570134 -7.227683283473817 -7.7189049896692215 -4.051583013412574 -5.20464894996283 -9.410542728430945 -4.177362437086445 -1.7210595038079541 0.9052416717919896 -3.286491188663263 -6.585795518641113 -6.730900353795379 -2.5800666448935234 2.49847378757198 5.3624561460192135 5.563204448361088 5.449337911811371 -3.993881012458236 -7.614722236483857 -8.95519006435043 -6.730679468591365 -3.0824325263985086 0.46086792969975077 0.5869207218170563 4.673468166168008 2.5141798314235135 -2.5788738374619795 -3.976111218518815 -6.085561470818499 -10.375022418374881 -4.4898179896412955 -8.02094916954799 -4.289184564412966 -0.7282876463122325 -5.620860639863619 -3.188684068273757 -5.781974266990888 -6.975106636489205 -2.132577683258213 2.035207836398448 4.875382598789761 6.322907227323027 5.367617557377418 5.215915195413598 -4.239781178716948 -8.325051770873332 -12.7478143425584 -12.64623516593471 -3.0499238177504333 -1.5782697889898512 -1.5237022060264314 2.598617114896077 0.6795226223310048 -4.162140381115749 0.6626634772273755 -1.1630028620993709 -0.2683702505008705 -7.522829948735528 -7.962264263800584 -3.4155057440839798 -7.4601620210370605 -5.811408472512809 -4.35633356969509 -1.7864046959235445 2.6830390378830824 -0.003771664440274866 2.6433321812712514 3.7567765246511926 4.75016282269607 4.683979718319608 4.967355048045486 -3.894177428892203 -6.023766998254274 -6.439428279677092 -6.818561767887826 -3.2178712673671606 -2.912758287978635 -0.6819944504408018 2.5686305013687876 5.858438050436934 -1.3000970921798447 -1.7284499255212382 -3.2358861695642203 -1.5180480844801425 -4.021642232336866 -7.58940831782012 -9.136011238226812 -6.038561674704945 5.924536604666625 3.3084976110939537 0.03952456907875923 3.326302206425901 2.0879586177302474 3.328722383174074 3.4000571690273556 4.106995587276348 4.2965752473218775 4.783862001608023 -3.139238755500229 -4.091931676475474 -3.1223977981497306 -2.8405604204883668 -0.9665513935133418 -2.034117927539143 1.1158005586625142 -0.21523899966023402 2.372235699714619 1.4077557629625594 -2.4553924022452884 -2.6479637050865508 -3.8651859788453056 1.0924258745110667 0.4179069042442791 4.946032558146373 5.5474088449824555 0.5909118756885847 6.94965355290353 2.182151716311446 0.8184765420997565 5.031118287379693 6.135931645584765 3.581767420251947 4.232038557997325 4.492234538082318 4.740162780042523 -2.2483442113501937 -2.7636627173808956 -2.1409802995370466 -0.5001502334752119 1.2997814605310714 -0.451676121759104 3.399329590059972 3.233793903713648 2.874924142923266 3.241924508988933 0.5133714197664484 -2.5256396133904495 -3.3212221797135597 0.3943043000949217 4.73684385017211 5.681880156711915 6.107687451073753 1.212145587492293 1.257171896852584 4.87395375741697 1.1470923289992037 0.9786728674450561 5.4217983534596055 4.279861083071418 4.403603222866103 4.774389667456997 4.769204780506053 -1.501196264590846 -1.347600380069581 -1.6473988450387929 -1.192676699071062 1.7493610867566902 1.4442937607431086 -0.7739092752740789 1.0373897926023443 1.852000015777706 2.1812225675854817 4.156260849819544 3.283240000827905 -2.2962620103626117 -1.5441549678749125 2.509187099251656 5.266365288112698 6.85338428082619 5.972936621543556 5.570735250350674 5.207077729354251 1.2193819629741691 0.7172798149313534 4.7159724744082 5.778988874608829 5.386889863500013 5.350742308660919 4.794500211263277 -0.9065030508938173 -0.43715921316767603 0.10037066850102459 1.5189486026411247 2.442154936775896 1.7555688889796492 2.0320412857886945 5.462970204833825 5.616256641661413 6.128697886682143 7.494377839917059 9.494361064491445 7.1301658024331855 1.1743378658639225 -2.5852282611807076 1.466500874373953 5.013228787344886 6.018296364788966 6.460791922088431 4.528580602463506 -2.291576939358729 -0.30210169853930335 4.199720642205232 5.51145853809192 5.732634034037695 5.826475228870128 4.790885858594348 -0.4467260897627683 0.28146787236359216 1.116824157848019 2.5025495525122126 3.4407878610877085 3.1063494940047995 5.725705653400704 6.792479214385056 6.1737041322193 7.740934236660817 10.132196042186504 8.3869288455259 7.242353294813838 2.6994710799821022 -1.789422403467034 1.0110909774052135 5.404040982437845 6.834166552309375 7.370296376874557 5.664953833193778 3.2776511751741877 4.006669216481333 4.866919466654439 5.885965348782338 6.1351837337583675 6.0272905837898 4.670160922270363 -0.14810131310689936 0.7800550502186616 1.368869177603877 2.192795043736877 3.0033743275942095 3.705295031743928 4.745002345348857 5.715931697244189 6.616878449668906 7.686783487153332 8.658475142378732 7.636684486338217 6.042091587714386 4.161519630101583 2.1749693802180143 2.85388980441059 5.80468447800486 7.237157059887883 7.391912031053276 6.823447266285913 6.479181777366617 6.0959099490435635 6.021891671439678 6.279242438683514 6.214934025909375 5.987348473323536 4.456828646526049 0.21014622928020973 1.2352879885024999 1.7133660091252683 2.3309463109618687 3.0230939115000335 3.8083588834690607 4.652562258664859 5.474405895023472 6.189245551163368 6.734184447736138 7.029182172167958 6.948558681197746 6.430202201832043 5.807783369517534 5.405569229922343 5.400866785785118 5.869919231308643 6.340246384880365 6.42427049913405 6.284849122911675 6.057603969752422 5.77960209407508 5.530330599374151 5.306771414872752 5.019361404893625 4.692242164725103 3.2627819996280705)
(UseCyclicTransform "false")
(UseDirectionCosines "true")
