(BSplineTransformSplineOrder 3)
(CompressResultImage "false")
(DefaultPixelValue 0)
(Direction 1 0 0 1)
(FinalBSplineInterpolationOrder 3)
(FixedImageDimension 2)
(FixedInternalImagePixelType "float")
(GridDirection 1 0 0 1)
(GridIndex 0 0)
(GridOrigin -87.76599341775699 -71.58307121873676)
(GridSize 25 14)
(GridSpacing 60.061201225915156 60.238008561823946)
(HowToCombineTransforms "Compose")
(Index 0 0)
(InitialTransformParameterFileName "")
(MovingImageDimension 2)
(MovingInternalImagePixelType "float")
(NumberOfParameters 700)
(Origin 0 0)
(ResampleInterpolator "FinalBSplineInterpolator")
(Resampler "DefaultResampler")
(ResultImageFormat "nii")
(ResultImagePixelType "unsigned char")
(Size 1274 647)
(Spacing 1 1)
(Transform "RecursiveBSplineTransform")
(TransformParameters 7.983734629523585 9.037167085670893 8.928246676791833 8.60523423931759 8.168251458977025 7.734866121655352 7.3104885969395275 6.92927245614238 6.613269654704898 6.673190544667774 7.333891222106233 8.655095649383814 10.699984964621576 13.223958916128893 15.996344723245466 18.375594992597495 19.783613509731985 20.471670446505176 20.646680685116095 20.26910814114698 19.37826511171476 18.352341969168613 17.315127040516707 16.26112310610104 11.81500356678811 9.606957406057807 10.46241033833158 10.329935968887211 10.013107499833566 9.521460269627468 8.84055068801079 8.518678000146776 7.1658937464593 5.634413284612637 5.038262101963931 5.089738925895635 5.869759355392915 7.431372551129139 10.88247164298633 17.487619413166847 22.431663446008333 23.83863815476238 23.995492567818953 23.467796614450396 21.615135614890427 20.421778981356034 19.75049572541031 18.81244994959625 17.729268401669543 12.800117576198828 9.542164433805125 10.152978497880998 10.10098025796217 10.786252271563272 9.820704849846248 8.264637341539324 9.776520163346012 6.587120978037521 4.555793910417657 4.110610741127771 4.0101068542409815 4.261366514577304 3.9513584293152575 6.775991031393971 17.721029765296073 23.082764782092426 23.324223430231914 24.49679452731306 23.00051938630953 19.189366102611267 18.122570952992653 18.47146724091576 17.83127581143688 16.888817560744762 12.16987819823786 9.4449526951766 9.33539993020434 8.830127806072516 8.431549309500998 5.658051780143848 3.6012712666271747 6.181288549920837 2.416653927858248 2.5445945112420647 2.4017768488433746 2.7216532897887418 2.9292805228399295 3.1749232414487927 3.631049452359345 14.313615191998107 22.649350769557437 22.706533786033237 24.07353293405144 22.25712293532396 16.464005175860652 16.318282985857643 17.42071478823873 16.694883293825146 15.726990993598168 11.245134418422781 9.103299185329563 8.147767940491168 7.400285420119068 6.3109498091376475 4.983363993839069 0.02527108512547249 -1.7983569730719242 -3.349581624492128 1.105315506289535 0.37837670654156413 3.2636766491679396 2.2349737173914788 3.8352089801159917 0.4980324479875174 0.534621328535683 15.259588611006594 24.17110236442784 23.69259860080351 21.691566340461616 19.79408709923086 18.479828926511928 16.504962499162588 15.064363229066565 13.961057188013411 9.924773664355222 8.554563165762094 6.835111208752282 5.512908128491316 4.585090033191661 1.8537992359003788 -2.5300772893120147 -3.5598542652260745 -9.237992957046824 -6.351035684730274 -2.024824749600001 0.9064394230757589 -2.330960156437308 -1.519088317249047 -0.46240202617721365 -5.919418719397877 6.527138608342787 18.22595513776249 22.601114968627332 20.3666612190017 20.130422201536614 17.04107008964852 13.300305547154435 12.019437226462703 11.210674959080913 8.243210216284002 7.849564864219213 5.625111549308943 3.092105651681981 0.223911537587311 4.089391182645425 1.325745030180268 -2.965852702128244 -6.7416402286294 2.259451518922883 4.331721314733498 -2.162664576733002 0.680528159635357 1.2859386100317765 5.602967821911119 1.1038409704611114 2.624649468617979 8.23577598841304 15.210997306443948 19.722736632631104 16.950534982192117 13.127342196437452 8.285116981198154 7.613097957911512 7.674466219953076 6.310654971445247 7.204880450992196 4.834862754665293 3.360682355966019 0.9972575969856522 3.869375928903059 4.610212800930647 -0.23081730150116003 -4.361147241439098 -0.3686774678632048 0.31753001322160485 -5.00346832699684 0.8758569664123752 -7.465211942550454 -3.5145090795077376 1.1138632301497766 0.3791204056096311 6.2963323739740735 12.25029364239201 15.512559211933866 10.114825411717693 8.025471318905302 3.9307572752640008 3.2564355683268884 4.218184254879035 4.3993367542228 6.636866274880859 4.198464781044385 3.0117267848503118 0.9198241519913124 -1.2878743471280738 -0.8992657986736099 -0.7181469959537289 -4.073457349387146 -3.0513348082805827 -1.4858359251431146 -4.206910722368804 -4.009017618279621 -7.723914148949976 -5.079124797662059 -0.3569979621221574 1.415741501230689 1.401994208125977 6.898346534349124 6.288263946078288 4.9299169338116 3.529911024495444 0.7524402915902869 -0.2789151615953878 1.3112750339310535 2.6821772739458876 5.9606573417949384 3.388898194114012 1.910216582866887 0.09051847456793499 -1.7805586531090398 -4.217863792852477 -2.596369330662775 -2.914389099439018 -2.1845836257147777 -1.21447720099296 -2.0797542178341812 -7.099052523010236 -0.9871674600456787 0.9809679776393713 0.15193892722271904 3.0014727813447535 5.073841997707569 5.187787362448262 1.6928792825647885 1.8772942241367114 -1.5773173620900545 -3.3391788152597455 -1.7133656923483922 -0.470987772894484 1.3093749535457313 5.177876205155795 2.395808523683491 0.5417081262594204 -1.6528364568064235 -4.327003602068904 -5.328390294982487 -4.332980601954666 -2.5260449745380544 -1.4517362985866356 -0.9358191058424833 -3.238043068131145 -8.651105668572505 -5.976853429984519 -1.9830269015362982 -0.4075477803238205 2.837662968583568 3.1202325390295127 -0.1429773268548998 0.06366599528203468 -3.4927781246007252 -6.305006634521837 -5.276568162409553 -2.6302443066466923 -1.4356918728508024 0.3004402190790492 4.308631353855572 1.4560693704535306 -0.5353923161741109 -2.854190133136218 -6.540712153985458 -7.29104343888259 -4.421710694427387 -4.497024093720224 -5.047356335351856 -3.713127871639837 -5.159648844222331 -8.475383543369427 -6.755797734098373 -3.777661298812437 -0.30171435987383555 3.633383118542449 4.291578952347127 -1.0642495905876166 -4.570378682426455 -7.752273918797308 -7.103599734738343 -4.7609491680201375 -3.2453780400144736 -2.2218480046168794 -0.5988913130634947 3.6862787299349407 0.8529839772996691 -1.0732137125884016 -3.354994128151003 -5.429568431607314 -6.2258359577065345 -6.1505572177674 -6.740485143755473 -6.4204373508955985 -6.058836407426791 -7.176188190472748 -8.495598807270708 -7.614259713488192 -5.5105617589875635 -2.561581524726122 -0.31317445389962634 -0.31412126753214403 -1.8465440280672385 -4.266100009663494 -5.4810597845349305 -5.146304214341505 -4.4370177691984924 -3.567196947367008 -2.76280952753981 -1.220496641090001 1.763840153100774 -0.37087571195854374 -1.667582287208111 -3.195812976342118 -4.495243765374989 -5.556128635330131 -6.30366449786781 -6.901925017888265 -7.3382626464379275 -7.734728692274164 -8.170621111027094 -8.38345810449935 -8.074601183874087 -7.333568864943526 -6.214249954468845 -5.22301235817115 -4.860284279321891 -4.968203256576743 -5.396779340179036 -5.746453184766301 -5.64846420221434 -5.29654975074182 -4.801016134284031 -4.294491968365005 -2.773939010928025 5.214051690779307 5.375863480012629 5.07932791975013 4.611601990904124 4.105372534792429 3.447076130878864 2.536782744440882 1.6613327409102385 1.157838188089872 1.0916297304957332 1.4517995990132622 2.0296927704250827 2.6197626762758355 3.163655535853445 3.587072121717792 3.896321438535548 4.052563810752657 4.063939015221417 3.8821919853061266 3.810698089264842 4.130215449606658 4.676634578390819 5.28164675721084 5.701465019587774 5.436382384564527 5.9498619801104855 6.031650695249848 5.87485695421728 4.984969265719788 4.329857960379252 3.279377951996061 2.4819924395844115 0.5560893449720659 -1.456977474956405 -1.929783935984031 -0.5636323126898385 1.7003360197593012 3.881061787826149 5.511247005362146 5.723658058444861 5.372984161335272 4.95935221961135 4.288808503942732 3.6313171649392744 4.03813044742979 5.5756755353543035 7.12095428175261 8.260188168526446 8.891208328540234 8.354761459134226 5.772223686437204 5.8238374641758766 6.508802760161356 5.0245750271212755 5.494029435112521 2.6190108654940873 0.763126036694011 -1.478031615922354 -4.1692950347802915 -4.814470045543484 -2.311590232264047 1.4009783029632037 3.8528965600511973 6.503870238942209 8.18528405674961 6.54148416861189 4.78833365812251 3.6149631058011003 2.6202383949870605 2.579248303405278 5.726452796121448 8.128884904195168 9.397153109529466 9.982070865346522 9.166269334832368 5.550043153093902 5.025098385713343 5.2182767356201865 4.613439676971517 5.962239412329053 0.06762878058695175 -3.6815858708688096 -2.461108952770816 -7.154968110673552 -7.64143836539626 -3.409368655816712 1.7020623807703001 1.8196167742020262 2.3621115424583357 9.168542188560835 6.039793899892346 2.354798060415193 3.6164825381966796 4.1951792533750965 3.5756012111576614 7.0149883977373815 9.69581355014709 10.923982737040882 11.416816081845699 10.25475488996728 5.275794174826412 4.014321657803215 1.7226398239545584 -0.43272689892967425 2.438164151726314 -1.3313126351328026 -2.3873868454434084 -1.037611839794732 -14.642600736055114 -10.223151836492045 -3.839107508192918 2.314751116512509 2.034910793540371 -4.871435489813077 6.1146199218044694 1.4765235900859313 1.7933971481428133 1.9295780343816058 5.226518863383137 8.844770571502321 10.315822301929272 11.28024615994686 12.224122794653 12.602302247772618 11.116513708259204 5.184587402123046 3.8586279123090628 1.279493589877782 -1.2867628571793361 1.4272699234281458 0.5532433321212039 1.226683900288217 0.722270087502945 -7.4135505636014685 -1.6292966229856192 -1.3572464442588839 -2.628292232434324 2.660928316625167 -7.561585829515862 -5.422020707041589 -4.106949128120703 5.987452615401297 2.2463086590080903 4.600839269756433 10.90842343987249 11.393590288537808 12.028079324161183 13.023435510250426 13.537741852708352 11.797237773295524 5.24884067826355 4.422472248759063 3.5192228337323455 3.6340553327700866 0.9704514961654043 1.0426168989929963 2.3799382036640773 3.0272343385121467 1.8603290723950656 1.5533059675515952 2.8709669674123734 3.2988796636737283 -2.401639883173183 -7.5537548062599775 -2.5231654206009346 -1.7437185417371575 6.596739272078108 13.999499530761184 6.088167513147534 9.133998402364632 8.33885313663262 10.327954412593973 13.5038522913236 14.088421012978065 12.157718017756807 5.207574135146201 4.784171829533225 4.129972036341074 4.233553090255736 1.1169514626379862 -0.3212903760614728 1.6945297262335253 0.0807086049571171 1.4949969070597757 -1.2495406917256904 -1.0747697821579634 -2.196296733344758 -12.017800380603267 -0.6434429704135031 6.097911705482961 3.5791087425794137 -6.889727057321284 3.651302482943603 5.996816454092456 5.557377358090581 8.076392832861917 13.329559125513669 15.102055865028769 14.267864519629235 12.054343962196008 4.988921557935177 4.766824034496713 4.261686997463312 3.9970243160271193 3.6998913942266656 2.6681737789956625 0.30386700958701024 -5.333912167649815 -1.8419928187083736 0.6698845818571388 -0.6268889019702826 -4.471402897801215 -1.666834320981004 6.9215832583749775 0.42009633628718157 0.23002009109053873 -7.05004752756491 1.6652146057602184 6.59391817012564 6.492208759846046 10.74194619822447 15.416023261926794 14.647742203104418 13.773491992588237 11.39746182450733 4.645940356768456 4.552463704958707 4.252894653057509 3.685260695950151 3.0725611297303344 1.0534032974906042 -3.720036661927642 -2.2152547600607377 -0.7587758729345668 1.3631964607374776 -2.597699102105968 -5.324448601696895 -3.872493451856669 2.7400805007675615 -1.1609984031801057 1.459886591737357 -4.299132895498006 -4.07486652492008 1.654861956700715 4.9548503969193085 9.43100199364192 12.680068480183268 12.309312839131481 11.93815826014838 10.070501016967562 4.231839829965844 4.260898221400074 3.9946435667375044 3.36805032434381 2.762388795297137 2.8765155156159516 1.2126531330909147 -0.09672254206996207 -0.08266246946327789 0.9625080915463319 -2.2551955933184815 -3.322648273413604 -2.0029942894094437 0.4583542822191371 -1.9573350277431403 -1.0545578875896562 -7.1576732490071935 -3.767240391343802 1.2305900578810582 3.154732107997211 7.085222494768736 9.025433920319616 9.361039440449673 9.065134251022704 8.25727892901182 3.752942093230396 3.915058755512284 3.689737005190515 3.164836955266573 2.5723830336707536 2.5284716992501077 2.813161055503796 0.4778186406758425 -0.0785807661126269 1.0281090010302536 -0.5834833083342795 -3.8126536561612427 -2.7610749782622177 -1.9545320415608123 -3.0522837231499484 -6.230903725786032 -7.062946254657409 -4.232668980547768 -2.8530922715295075 0.7042810614016962 4.448578855221786 4.866217696513241 5.552026372232804 6.004256398645039 6.248455636503787 3.4241471558383125 3.7004170697246206 3.5461674077223226 3.1747449396345386 2.6470927249623126 1.7508988567631423 0.403864505684124 0.16096312031950216 0.12252014640664467 -0.14515924900682675 -1.3774166371571652 -2.6931937905106933 -2.4096181108840806 -2.4775989499009285 -3.6356753841936658 -5.149409338066127 -6.08523267492273 -6.06956373268277 -4.643091714193919 -1.793083561188278 0.45159580225373513 1.8214478866602286 3.040409583106158 3.8808229548678352 4.809979541476347 2.1361648316810617 2.615574037593242 2.6397511018456417 2.5405999623992668 2.2779424623622924 1.8786278663680631 1.3263840068254047 0.7965454280740065 0.26021095448630965 -0.2895649092944526 -0.8065079945540053 -1.352643750026755 -1.9591204914989515 -2.7872527034834196 -3.9606792025438957 -5.089847118939232 -5.787406434337816 -5.96779814105973 -5.508854741795649 -4.622239681362639 -3.5497951384693995 -2.4320817700474264 -1.3347009791797757 -0.46196155711310816 1.141036090333124)
(UseCyclicTransform "false")
(UseDirectionCosines "true")
