(BSplineTransformSplineOrder 3)
(CompressResultImage "false")
(DefaultPixelValue 0)
(Direction 1 0 0 1)
(FinalBSplineInterpolationOrder 3)
(FixedImageDimension 2)
(FixedInternalImagePixelType "float")
(GridDirection 1 0 0 1)
(GridIndex 0 0)
(GridOrigin -68.9567847243797 -92.4553159214901)
(GridSize 20 18)
(GridSpacing 60.11495335338087 60.16428929257569)
(HowToCombineTransforms "Compose")
(Index 0 0)
(InitialTransformParameterFileName "")
(MovingImageDimension 2)
(MovingInternalImagePixelType "float")
(NumberOfParameters 720)
(Origin 0 0)
(ResampleInterpolator "FinalBSplineInterpolator")
(Resampler "DefaultResampler")
(ResultImageFormat "nii")
(ResultImagePixelType "unsigned char")
(Size 1005 841)
(Spacing 1 1)
(Transform "RecursiveBSplineTransform")
(TransformParameters 2.2947035040799957 1.895927841628802 1.5788408968213317 1.1157543750516339 0.6052344072396333 0.09597519609659604 -0.3377689893693884 -0.5986568491246625 -0.6508360441778459 -0.521795232766289 -0.20770612006837977 0.3536080139050111 1.0574875873533491 1.5662250749897333 1.7852778500046351 1.8354441218526287 1.75336000944345 1.5120250591641713 1.2171662547871205 0.9954228247380867 3.8193018451575362 3.801183026986677 3.4780206477623645 2.9587277682764626 2.2293874989760734 1.211895639411926 0.042831928405006686 -0.8900023186662497 -1.3924037683797712 -1.4115862232131298 -1.2199025428530605 -0.7076594342051648 0.22621396603021046 1.3016012299635946 1.9394139617095805 2.7356879647262717 3.1330776795481166 2.5775048000675262 1.6053829042709113 0.3242604140093978 4.379834059349134 4.673453032363061 4.421773681046986 4.006388651660078 3.287826814892548 1.9678831121460036 0.22631395257680964 -1.2048011280960642 -2.000552621810104 -1.780622265360052 -2.898932598158623 -2.607195430968489 -0.07195634049755979 1.597390072466427 1.2599290123114733 3.287910214658523 3.699693289596077 2.768360882597856 1.5355020059814706 -0.23829149216000897 5.045956628668794 5.7163162336377304 5.63445292124762 5.600941075842589 5.265961225155385 3.795701066454734 1.382690754844595 -1.3015992857316752 -3.077383972099042 -1.426346133514132 -0.9897145944385445 -0.6287978122220244 -2.7441150982182494 -1.0547710967008066 0.49880790561529814 2.7686177448345997 2.1787150015546874 2.973100670430647 1.078847305537135 -1.290294249620023 5.459102140243605 6.4031715447883855 6.538427271786612 7.0246559452842545 7.300337840577352 5.892041559510979 2.9574158500504844 -2.613868405769336 -2.0383446298455614 -0.8759110502654426 -4.33438918192251 -2.240209029826215 -0.7295934001363219 3.525813660212232 2.2147129283516125 3.376088885672963 3.042276269991967 1.959559423064042 -0.8931099067412238 -2.582266472835192 5.484762634257551 6.40777705084055 6.617366799176522 7.149888608624548 7.454027619982041 5.7970587749183276 3.4732269946259 0.9200296422883913 2.803940455364771 -0.5722694378624357 1.4797430116384183 -1.4373603140009057 -1.7982181458528348 2.679383202885795 0.3397849562221683 1.0002456321819366 2.1908087923189092 -1.1882387779858645 -3.615628305803256 -3.556593199351096 5.078381188348014 5.674212196192399 5.794991969267486 5.78003557783058 6.983696488536277 5.529896636685972 -2.01093704506984 3.84398112634624 -1.9807184914926812 2.732527253024183 -3.835649245170096 -5.12395473516415 0.5034536217461834 -0.7178365282579796 0.9675823984139716 2.7757630306161447 0.6266615277998038 -1.7909703925051081 -3.147757195289875 -3.8264708477553633 4.37578792182685 4.541290649228444 4.583732920339268 4.477937247643978 -0.31048855129528513 6.003475423906985 -2.6650656992278265 4.187599489071558 2.467944439676306 2.656738281309183 0.5880183988483031 2.6414505552954664 -2.4794112417201375 -1.0308970053761568 -0.24823594703832508 0.0921824838557797 1.8247276083188153 0.6300232502336388 -2.542794947922851 -3.5349164203628387 3.489933170758206 3.1686757642846723 3.1074359500818467 6.437877292445881 1.0111957869153374 -3.064344688373579 2.665825678031497 -2.340841238744051 2.4950068297908965 0.9064727120140069 4.313004152607609 -2.151701026185822 3.6614335743111868 -0.6539698432473421 -0.243559901882807 -1.0486769176445203 -0.4030937722056251 -0.7480151076656197 -2.3571935027641313 -2.8503178963522644 2.567964593572106 1.4194788526975068 1.1857855449952532 1.1984551006210609 3.6346121400683407 1.004695859042432 1.0586874168969522 -0.8029385246261244 3.6195116398763467 0.8265277300274199 -2.2242937007754127 4.1381411677748705 2.603524044712024 0.21506656752400935 2.200390035070321 -0.8065915621809553 -1.13349864641613 -1.5696706906939482 -2.2876941997742866 -2.2903160019590185 1.7501462393331115 0.40094374070871786 1.0550643098378942 -0.2649015089520608 -5.7046293528106755 -2.0970701164054772 1.0570000624755813 0.45724809790300064 2.0038066227292295 2.56632040583019 -0.3429729795928542 2.7500663095078606 -0.3441381475530274 1.1286933116412519 0.27298283700175774 -1.5972413023226417 -1.6244238600968974 -2.0772757379611324 -2.4445145428187596 -1.9849145008340505 1.1097209581599976 0.11716500069465516 -1.8231867989297195 -0.8573165364871618 -1.9065486030801524 -0.8175195487817176 -2.7244027594209044 -0.9457984643765129 -1.5245852208269854 2.2387608764001716 1.4774053903874549 2.1291485594993635 1.4953061351311567 1.0786314496356766 1.1510843198972518 -1.5014013191150455 -1.960550563765752 -2.313428978174363 -2.4514522073923826 -1.7065647797135004 0.613438969216817 0.24203069302147331 0.4785565830838959 -1.2821152318629192 2.8261305476354566 2.0671176380712755 -1.8904672213969966 -1.532043188159966 -1.256417410012495 0.22530928370599945 -0.23458223741112696 0.3956580271387522 2.8320747362029715 -1.4021432412300616 2.5516472881744137 -0.5684837604788084 -2.206125758134506 -2.26843332280591 -2.2502384834672777 -1.4176203622970025 0.1889940926207689 0.5062542136283013 1.4727249875947899 -1.4600865368733011 -1.6477651008479983 0.5139500537803757 -0.9253054054396211 -2.5382120022290935 0.12057816439861106 -1.0945897134009646 0.8416231394099875 0.512686790199563 1.677609972569657 -2.4198310861909094 -2.0319678551071036 -2.7075247857638507 -2.5705724747073626 -2.283895708044314 -2.0921770503450356 -1.1922373869747114 -0.19026588722226168 0.41555150219266157 0.7337238920464485 1.196268956385721 1.8846188010207892 2.1798785095026023 1.433716260968187 -0.27470377739057633 -0.8476240509215046 -2.5869878918728846 -1.613711496781046 -2.260659139416676 -1.4926549580354322 -0.7626020946701839 -2.76251261421292 -3.540872213920052 -3.021837608501465 -2.4162022007840327 -2.0325747664636635 -1.046085185479581 -0.4654813674856345 0.48067291328355555 0.9265039569744628 1.4524781924495451 1.8400833071560956 2.118064669448796 2.0627830837720986 1.0785757443290138 -0.6199891279130326 -1.9212403014038495 -2.529122155287685 -2.9552526192131237 -3.1593470111916733 -3.577642275165436 -4.021130024343957 -3.844582075125618 -3.1787205103111753 -2.4413269874279644 -1.952613248686827 -0.9489062190056319 -0.585808613649096 0.6518182671567881 1.293589833965818 1.905291207104062 2.1742602186169746 2.1667542499539176 1.7823331295644549 0.7627202820655666 -0.7269493842404666 -2.017645252291771 -2.897890685724077 -3.5090574795793064 -3.89283373208469 -4.1046377983426785 -4.119607255302318 -3.7756363369819383 -3.135383614562546 -2.4217707307677627 -1.9062619285871398 -0.9127027120257776 -1.0020585118327807 -0.10689946165090904 0.4462043698643395 0.9302804909201935 1.0720523576698822 0.849660650220555 0.2955889353102321 -0.39838174261867526 -1.1397701999102094 -1.9084104047049668 -2.6206043867678055 -3.125028230891738 -3.354904627104594 -3.294434461415818 -2.98805131080003 -2.5658543441179233 -2.1101338334015036 -1.637462578267492 -1.2840538013256726 -0.6752100026068761 2.152839940257099 2.792622398792747 2.775804256420841 2.7584665823752035 2.635939279630064 2.3901909037770706 1.9831302656759981 1.367611939262679 0.5900602159057371 -0.18237594471170912 -0.8936891623453289 -1.6019392151503697 -2.2337954454734374 -2.5811507761410812 -2.593894837911317 -2.278780246190224 -1.7697095150658526 -1.3974465551061195 -1.2826520398213037 -0.9450728307316987 2.6800371081065673 2.4371348859908313 2.045101973169218 1.7985831488071007 1.8383089121156906 2.155331139956663 2.5748605847146 2.6282600038887867 2.1705179925867544 1.210783591538159 0.19762416123532342 -1.0357489626906655 -2.3953744264404673 -3.0642459991871682 -3.305178356609438 -2.6305797818326146 -1.4931116969708786 -0.7099507104401749 -0.6716312603982224 -0.5993513621639835 2.706814317681748 1.789807755572034 1.1483693467231804 0.7523303969385778 0.9451214824519594 1.8003369695154985 3.0271062254787715 3.731067797366237 3.570470170208176 1.2948958731336333 0.6539164507498271 0.771535000134285 -0.9040257767715327 -1.5920568678774925 -3.026207498563204 -1.7926979641320777 -0.8018718753439378 0.33863721779616085 -0.2782611459010324 -0.3720332876892935 2.98258905267108 1.2521035493790234 0.2558016133589787 -0.4612004597631597 -0.2562806046583593 1.2773012097616128 3.5928262485758036 4.419218075057729 4.075809213824314 2.4921070948974755 0.004715911391205236 1.5833079473390128 2.078854998623227 -0.3202977199252525 -2.4311488794805367 -0.2698096085794645 -0.3472047343313057 -1.3289263659578237 -0.3689895800573219 0.009759537249479174 3.578949374058945 1.184103821159487 -0.17902298773810862 -1.3373486217987203 -1.3544532551887125 0.6785815829244635 3.8724473511387703 5.931653483539393 8.503275234386777 4.615565227237349 0.758357061402676 0.6950863913621804 -2.1859009695464207 -1.027449352147154 0.7596466323293203 0.19881080044924818 -0.2720944554034591 -0.25351754887693206 0.15335450568508316 0.457339389735358 4.737937748798003 1.9973358288587584 0.291189581184278 -1.3400460261588514 -1.7466937503039934 1.0851575759209577 1.9575660122097116 4.105587896589671 3.517889230562693 -3.4355354591438974 -0.0007172362650622987 1.4966691970528412 -2.6349177628423006 1.7896362544457767 0.2937187370740773 -1.5015253821914132 -0.7012183825296844 1.9847539424995102 1.0518337069499353 0.8383907622565114 6.296273911071368 3.5984870624243515 1.6607755449993788 -0.45635556660599524 -3.688202312624362 -1.9279199021175843 1.412762879017156 2.7173310958392154 2.6744716409277767 2.2679794270200384 5.064003416493611 2.321898810735848 -3.540832724278734 -1.2113506404967613 1.6809595428201158 2.2005663125087764 0.3959890035856585 -0.26829732960064095 0.8251660489990973 1.1029561318898486 7.660515297277811 5.36655020085647 3.504565424474461 0.462463583110118 1.7508372748616088 -0.34970408003929826 -0.4295190112935471 -1.5442902297130878 -0.9469531139785973 -1.1286732252418534 2.2312856557976386 -0.14660289593713813 -0.886251502815327 0.3123363274050725 1.90955973258886 0.6958229233561553 2.7245726223297626 2.923107932811957 1.629321627124742 1.3798092111893585 8.541288033323703 6.742286840295221 4.928526826882253 -0.8604497141472741 -2.521786641329496 0.5484192924277286 -0.5481311185101961 -1.2463942414013724 0.7050196849253884 -3.0610220620249167 -2.165007365770293 -1.8610839476977294 3.886402739219148 5.041534789616748 0.8255383839987702 0.271636442088885 2.28638679438778 3.009788467433323 2.35872660172378 1.6241400084324196 8.836902123408501 6.3950250274694955 3.673994962269104 3.358863997106254 2.996293118693859 -1.5613543377575765 -2.8563172035008177 -0.6577607347194081 -1.2208539620607637 -2.6027169844514693 -0.14182937394297113 -1.070926563666023 0.9607341642870938 -0.17616800902201593 -0.9186409679537211 0.283149099620231 1.5613580803573592 2.398014346636471 2.4055004966537856 1.608983919690944 8.42891715954941 5.311972375183605 4.235055065136662 1.1863845212606117 2.831875473918049 1.3386902944640953 0.4847809821754301 -1.788235067309679 -1.6703771296955996 -0.715542128998013 -2.3899753953438085 -0.3447038609724836 -2.68862847565827 3.5369096597981065 0.7395056066736609 -0.5409919568589147 1.0000159539435363 1.9347386385129157 1.9790553346035575 1.3424199761108053 7.221827539434928 4.775465008402903 5.372500675233205 -1.592671771024092 -2.528125684901541 -0.5140435940549246 -0.5081740796888125 1.4502150631819597 0.09470875913606125 -1.4086725334143393 0.8037890644959875 -0.2224023411627631 0.962058077256456 -7.485384592734694 -0.34778441833123913 -0.43927477485709104 1.0110583357028053 1.6149472794358761 1.5896769884324717 1.0551213270285413 5.3832101193205935 3.075035153432218 0.22490883524634742 -0.053635355720223196 2.300250893068466 2.1774502278122134 1.2822083397296222 0.8810157142754367 2.220379341793142 -2.4841554488215003 -0.1493405818079425 -1.474159398874628 -2.0462093240957686 -1.1246687419663521 1.7075401601968772 1.251270423209208 1.6893392885189387 1.6620193751440584 1.4542249498088948 0.8504713134016714 3.563581030159988 1.589129451623961 -1.5817286024271116 -3.0293227180229887 -0.7278007081854114 -1.4940607957051393 -0.1981160675482138 0.21597103353585143 -0.7364232998541634 0.25974122380591214 -0.15562067959321058 0.7712968365367767 3.9265507024834507 1.7575793123644485 2.3141149809003263 2.593696495725885 2.454445338112768 1.9901101169222375 1.607678454625239 0.7752546112167821 2.117791721899617 -0.34881079368138446 -2.014129054699976 -3.260667159110418 -3.4680691082916586 -3.7407691358037134 -2.482676594158611 -0.3910619555104887 -1.6535535442065115 -0.4902932569837821 -2.33065726696672 -1.1697511494316453 -0.6914184550275804 -0.3233682354616204 2.1098669787040056 3.4371974291389185 3.1649254838016474 2.547363461984751 2.0217473376504915 0.828073944318629 1.1933660743666124 -1.1940802929701346 -2.2739993827461804 -3.4561277078409196 -4.190871868167498 -4.489319917114978 -4.216948861580978 -3.183691670394039 -1.653452278748765 -0.4399361840917597 0.28481073035273974 1.2883587283829578 2.48152754633082 3.6106493473719614 4.390935987537396 4.427515467352447 3.9762472790627137 3.2100062306373647 2.5221276818606864 0.9251678856359308 0.7888599253412336 -1.5163340440827593 -2.423413849120203 -3.4812646250995347 -4.173829796478107 -4.432802481872795 -4.12327558164655 -3.135565969179864 -1.6121028340847698 -0.03758823652670123 1.4212142525894274 2.8877037537061123 4.250777847267281 5.185669410353998 5.575257878687637 5.429850020479024 4.841887721337602 3.880819448677857 3.0182613813055457 1.0388387042578509 0.5179846500540249 -1.0216880819485843 -1.579781400378003 -2.2504142492013472 -2.6998290062660426 -2.8755137737588505 -2.6874435586212764 -2.094899594438031 -1.1039489582203132 0.25664557315934367 1.8092112909841969 3.1633707798350446 4.145674027517461 4.745608028461393 4.9410595290357815 4.7137531632828 4.140770744450777 3.279346032547341 2.5269773751807425 0.8293248392792458)
(UseCyclicTransform "false")
(UseDirectionCosines "true")
