(BSplineTransformSplineOrder 3)
(CompressResultImage "false")
(DefaultPixelValue 0)
(Direction 1 0 0 1)
(FinalBSplineInterpolationOrder 3)
(FixedImageDimension 2)
(FixedInternalImagePixelType "float")
(GridDirection 1 0 0 1)
(GridIndex 0 0)
(GridOrigin -83.36855651021352 -64.97181392916958)
(GridSize 25 16)
(GridSpacing 60.01883683628857 60.0507854185614)
(HowToCombineTransforms "Compose")
(Index 0 0)
(InitialTransformParameterFileName "")
(MovingImageDimension 2)
(MovingInternalImagePixelType "float")
(NumberOfParameters 800)
(Origin 0 0)
(ResampleInterpolator "FinalBSplineInterpolator")
(Resampler "DefaultResampler")
(ResultImageFormat "nii")
(ResultImagePixelType "unsigned char")
(Size 1275 777)
(Spacing 1 1)
(Transform "RecursiveBSplineTransform")
(TransformParameters 3.09305750888079 4.512100907170651 4.910459444702424 5.272934085673238 5.518989702911812 5.672918033143707 5.739576915630879 5.599672445403735 5.143665861163073 4.114684343601076 2.398128432532713 0.710744323687284 -0.3341071618653017 -0.9729760408505971 -1.3300760331756654 -1.505610448375362 -1.5901182128252704 -1.6938950711765686 -1.969680570373334 -2.227920290162008 -2.3895777246336274 -2.472921947837924 -2.4026941900643344 -2.2402366795490174 -1.4428884956734982 4.075669196009573 6.410075187677151 7.287447428545443 8.085972724751146 7.970219088506973 7.503705349346299 7.87681946112642 8.320841838310432 8.083245647568665 6.4951642599630075 2.6061828046660973 -0.8987443527234393 -0.7489780464370338 -0.9589023764763231 -1.2286651211103439 -1.6896926315452554 -1.891446081417804 -1.8045083724443343 -2.770288775937862 -3.4562870044258966 -3.257163890206987 -2.989090902406795 -2.8866179129781617 -2.7435785599230016 -1.7099181376609554 4.18695121324071 6.810408118602729 8.210737743887313 9.926299213598137 8.32690096116992 6.975966359113753 7.926129182269645 9.281456816471687 9.101497437661951 8.404284262401271 3.54981994547025 -2.15877577875334 -1.2872659804560045 -0.034460097897105677 -0.4688587481531361 -2.6609724471064795 -3.5209286536962954 -1.9949845761441227 -2.9400684295582926 -3.4903340499339386 -3.1102355714118612 -2.75255941579367 -2.8544781417863594 -2.7326438371643738 -1.6778309731340382 4.177498761923199 6.8001527864956515 8.41886939345275 10.180991602376483 8.18884821237327 6.483029367633885 7.684260060002356 8.986171211447152 7.89648853574111 5.546155184970132 3.6949001725824973 1.6957902320901206 -0.3854116386804798 -2.236616691099704 -1.0378541339843577 -1.228347420927051 -3.8631556783835945 -3.9013702868744513 -3.057056999819755 -2.57614831292506 -3.838584668075355 -3.348692088690168 -3.000281275022198 -2.7012475770562694 -1.5355961670665779 3.8838348733241896 6.027191545644887 7.265922784147817 9.053125711992628 7.996463566299019 6.8871436855088985 6.566292505925955 7.315453465903237 7.279491249680815 5.3290678412298345 2.8372981519517926 0.8856693719304688 0.023316902574502422 -1.4539938967893762 -1.021298549122131 -1.7863401449323637 0.06854327179922722 1.6079473140117155 -1.3469307577346488 -2.8159068390686226 -2.793951796909396 -1.8125595970195616 -2.7741594324863237 -2.4185026796056914 -1.2142977321176092 3.421812319075883 4.700430021614769 4.92751513371493 6.448769792560965 6.392678587985224 5.479004474668693 4.707706855256284 5.219656862411078 2.811548330395086 2.1046474229416994 1.143044770418002 -0.12626175270539314 -0.6116395444671572 -3.252355642249661 -5.780931331059334 -5.868822635292056 -3.562211944128585 -1.2173115948689646 -1.0663791896305417 -1.1047696153191826 -2.25399142662555 -2.1668501925930346 -1.8178661974930719 -1.4122297708680143 -0.6882953976796705 2.8431724811176324 3.3669222021235816 3.632480230664882 5.022615815256595 4.9371810732990475 5.256458185258234 4.886540935208261 4.666794841739084 1.5367170463230944 -1.983461659468157 -3.038001832631345 2.397658327169798 1.3298463157856648 2.897111458582925 -1.4939073551663977 -0.18815384131346005 1.0451235580376306 0.2898169650566019 1.6838801252474065 1.669202206079134 -0.4771008554063254 -0.8268675011390448 0.34582338119698514 0.1406457342310036 -0.0637784559479794 2.265795511625012 2.879180262294111 3.216111607302264 4.973539971514619 4.4747983507403175 5.00145209736578 2.9645193030482933 3.370422695264136 1.606149635325406 1.131139448878344 -0.22275230824593334 -0.4995689080239774 -0.4759951848415503 7.525397502889438 4.361650767656752 -3.5206860700576894 2.2143197967615693 2.775196685415201 -3.408268563348788 -0.4803172897913356 3.8654005355054095 4.526882124603851 2.5275437975257375 1.4243334152817324 0.3361887036804649 1.6843586267677022 2.1361416030196305 2.1896136932764034 2.384787563416615 3.3874672202650586 3.7672874485026258 1.588806089925793 0.6507559925588553 1.222181590046375 5.3377183804132455 1.1608119044532381 1.124655404615451 1.162589976867038 0.9996344464509512 2.1626661556079685 1.1916080754477336 2.8272971724007077 3.3840435294950293 0.20044634173106582 -0.1257839605785506 1.680909040782751 2.282163319652042 1.303815585798947 1.3753561417425575 0.43717636957517797 1.0038156636187203 0.39204317615535333 -0.028801031140954655 1.1751583831062133 1.2922584449535872 0.6438233578784566 -0.9653925786802089 4.5758336545526594 0.09463483474940243 2.634061252311074 3.1696939042865813 1.9918466239033423 1.2744014366931045 2.0791433994249844 -1.4694645014771062 2.0672602980269232 8.604324232793621 10.13949186181964 -0.07162219992607577 -1.9368405057561413 1.5235306593565616 4.471921678597442 0.48978709761897116 0.026835197149142873 0.4043980012800258 0.30367576402426194 -0.41837284776279543 -0.8223874648117443 -0.022014396161828334 0.33933941697603043 -0.6372563508922178 -2.0409580855213045 1.3944774713605599 -2.4996125202217447 -2.4210132877458674 -0.5414510419359704 -0.8489338111013659 -2.637235285023586 0.9058703390770576 -0.7709223634472068 -0.8774705768696994 2.2727103160684488 -1.4722615030178279 -1.5547956532265237 -1.0412996915244022 -1.602446282564023 0.7558737879104575 -0.35161927983789626 -0.4377598925275039 0.3544108299970767 -0.22754885272639033 -0.8385156970095202 -0.4461433799289887 0.9853215089247046 0.061422578189076635 -0.6190889779587342 -1.404461303561579 -2.522774506237523 -2.3832812556109304 -0.1539367000069571 -1.3982933469581884 -1.1578403033349107 0.00905657397909426 -1.3792911759024091 -4.386465080397417 -3.7892475789138067 -1.7958090391061399 -2.6807053614865577 0.3321040068061949 -1.7819531380666382 -2.4731601666191563 -0.18060596060117257 -0.6035449678542552 -0.5499746304786999 0.3628238998319459 -0.555872417174462 -1.0533141973271565 -0.9040000077686055 -1.130048047890434 -1.4243886419851743 -0.5443538774742438 -1.2941741949647876 -2.194683197926741 -2.1350232833931186 -1.2017747059871962 0.9556533233213969 -1.2822119794841944 -0.5261873416260138 -1.632925672321745 -4.743511337809861 -4.628446905864527 -3.7510633293883107 -2.7405989897206537 -2.270156748908986 -2.893369720961893 -1.8370981785760858 -1.2938733790791594 -1.0118805356136276 -0.5023071200429666 0.45245414276206475 -0.8280159537856553 -1.282530081699203 -1.3097872411237328 -1.4036051234955846 -1.3702886064164448 -1.6988977971161259 -1.6426725927537116 -1.747547270976013 -1.5319744939705686 -1.5980262922647317 1.061854092023452 -0.7361390346254221 -3.4674446990820234 -4.353026483679495 -4.177821602359656 -4.424459397346746 -3.944939832335182 -3.0944017487918805 -2.316912399664446 -1.7551343477004817 -1.5073675551086752 -1.3421370189542579 -0.8376788892831718 -0.30536449315178016 0.530479018289748 -1.0426385465800299 -1.540029656814016 -1.634978419236724 -1.6785381040377514 -1.6620753827814028 -1.7665902802003868 -1.0480908332959658 -1.0301602543468849 -0.9953562288051949 -0.97640645572951 -0.8866110485680042 -2.418243056662909 -3.6145556710736626 -3.885826373903774 -4.038391540416276 -4.027209793357298 -3.6890451241612294 -3.1544086945300833 -2.545887564391023 -1.985120423477622 -1.5906599824706584 -1.2139752161705526 -0.6677237093982371 -0.17450206957576722 0.5766986694705231 -1.2370268054733466 -1.7516957799485033 -1.8777429935126986 -1.9270885980240966 -1.8225517825035777 -1.6328424940486315 -1.3646097248735345 -1.375920714076697 -1.8577137701131223 -2.4090747590237096 -2.694758384767891 -2.9224760440038944 -3.088734098610386 -3.1534751190420294 -3.0710323536526873 -2.9028003974913563 -2.731673450368633 -2.504782800292953 -2.1692029149758105 -1.7403816677536612 -1.2320165485959416 -0.7263332738511726 -0.2820095621208088 0.039211382674387264 0.5044439378913806 -2.1209037660405152 -3.054142849027794 -3.2852882697534573 -3.5143507053458176 -3.7151522229636007 -3.8428533465326296 -3.8034998855407056 -3.571528826432387 -3.1169040738424894 -2.406358317850048 -1.4833992920226158 -0.32538055869418303 0.934612215582426 1.7674832651628278 1.6978225217642036 0.9409825511959931 -0.02501428946613082 -0.8717089462207084 -1.1194670429936329 -1.1495140829970707 -1.2662615669452633 -1.3119637599995344 -1.22012837017 -1.0951519982745606 -0.89242625349488 -2.665603368248869 -3.9116615846276397 -4.244786488111642 -4.626222546792313 -4.764695430204295 -4.919332180534763 -5.143941605361857 -5.276025665114418 -4.650985997043503 -2.8568751507739054 -1.314946721670932 0.2883375477122019 1.3168588310365543 2.030681210481027 2.7377370747788436 1.8499454963622044 1.0382602237391 -0.4040148554669712 -1.1418972188051897 -1.8680437725950103 -2.990449949266675 -3.4611238941646114 -3.1456274860558144 -2.615895732729133 -1.4985345043035811 -2.7689571683841723 -4.137898189610955 -4.405867758496833 -4.472269697271695 -4.957241883718699 -5.315279801866574 -5.279000029598925 -6.032214096642037 -5.923383867945464 -2.8047749471040477 -0.44464208307196135 -0.2511796871561757 1.4738647585446136 2.1412574769047916 2.3502210030379915 1.100873260479599 -0.09200632928134993 -0.7157616851760196 -1.1213473010233432 -2.1654462329524478 -3.5231114064690634 -4.139452317875888 -3.7728034644784607 -3.1069247207292396 -1.6441831989975009 -2.9544950533146626 -4.5471027240693935 -4.882497110268107 -4.931150954232475 -4.7151211242372515 -4.254726768111453 -3.7869501877268754 -4.13369175494585 -5.646475945825919 -4.968109719614685 1.7152178898788957 1.7047904764653237 3.1081759605840347 1.4269104058385433 1.2944882981957802 2.9810379738760804 3.176504377863724 1.2598345557617452 -1.3688582164851844 -2.7303419558524316 -2.610547233370551 -4.400264014504781 -4.533118763966191 -3.6277135008983397 -1.754950650310221 -3.1052433264758594 -4.920439677382072 -5.6054527589841765 -6.190155194473492 -3.4673026148852975 -1.611518874625354 -1.3233618745457436 -1.3136420942798135 -1.4572464422954048 -3.469762996572593 -0.46439045950494123 -0.8476252090065346 -0.18858234324724454 1.1682528575992457 1.61789012297547 3.241673120942524 -1.6373417068089988 -0.04676491333040575 -0.04447696790537823 -1.617510703973782 -2.5691356712779037 -5.085648231029186 -4.942439712790546 -3.7340408511062337 -1.6551578241828406 -3.1406321008312537 -5.0290995768987425 -5.623087766554778 -5.283443122333498 -3.0071653403217473 -1.4211541744794476 0.16627345728858953 0.006554465859632622 -0.9500624989125912 -5.234544177774111 -3.8964065417325213 -2.6305610561991237 0.7766895224071753 4.002546766973969 2.3019935405737146 1.354977267415204 -1.5798975777337243 -5.034825927691774 -1.702013855339857 0.16154835404035878 -2.9933038147561377 -5.722638118114169 -4.73016650493967 -3.0313587325012867 -1.187573525848814 -2.953678451247388 -4.537543707463106 -4.46097621964658 -2.501272361322478 -1.0660650765520285 -2.4748722809014594 -1.001090200582463 -0.317563338425608 0.17648982031102295 0.6304973522024807 -3.1568342164197944 -5.964521184288159 -1.4680471689940715 4.659639003266101 5.185051315481412 3.4282596098373874 8.007781829922086 0.8790173958906757 -0.11227364654386233 -0.3765951581892301 -4.475538663660318 -6.5146563654570535 -3.4809624086543707 -1.6045557888401678 -0.4671618570568583 -2.375402943312828 -3.4595550010356275 -3.1515265168436426 -0.07592612763634252 -0.6759147437029704 -3.1084948158881294 -1.6572082459966 2.8576401629999886 0.4281441467973012 0.0028566353960628255 -1.1547620435545392 -4.692053960060823 -4.940549624163232 -0.2028113580715832 0.719161129458146 4.211029117003689 2.1942859172189877 2.3108416934930687 1.6531522684544815 0.8053384452148422 -4.065354133118435 -1.6119687560621758 0.48642008853382757 -0.09805404724000166 0.011183026625813657 -1.4192656752230626 -2.2847605687530828 -2.1594060579562244 -1.071799031356219 -1.3715371250441242 1.0675150245614544 1.618041500453152 1.1103859505837985 1.239453222565583 -0.7799227505359994 -2.4036141661080888 -2.1355480867870327 -0.20358949973807242 -3.7696911966411317 -3.3013726555284175 0.2366939081576206 2.454045967920214 -0.3445045948211668 -0.39453407214558606 0.3180274368761056 -2.935658772704435 -1.6356995895586623 1.8606851533857853 0.634145845547368 0.10042418277260186 -0.2482598514003444 -0.3590527040064361 -0.34983426872533724 0.18257792317474789 0.39459069657962464 3.6765563732853708 1.184550694994213 0.24377286206109824 0.42082640547290856 -2.1678674891391436 -2.4189298526969787 -2.9202095974376814 -2.187513771888329 -3.1545234108733395 -2.4589224707418293 -2.309490964927632 0.7486321290210664 -4.192878808805666 -1.2148628295205373 -0.38696858070476947 0.8679695920135803 -1.1542806495626654 0.23751003326668177 0.3619314269726537 -0.10492957591720951 0.947324775807837 1.5138242688538917 2.341122355794169 3.0771772791635543 4.225050878889722 3.532360575885378 2.3452832354520474 4.730048863725287 3.0454700019109677 -1.586182237441033 -1.9120984689873515 -0.9959430297291462 -2.3136437644122045 -3.5956597065265057 -2.766400036989239 -2.3360848636008424 -1.4722787459644946 0.8354147373397864 2.0371554690002194 0.3393455286432008 1.22310762469358 1.2042732245230345 0.8565098029298286 0.015358936159053807 -0.48367741037076317 1.879809409847279 2.6060197553778868 2.972788673885533 2.2328742233641656 1.8762632438303084 1.950143511655445 3.535717869202555 3.393409437438346 0.7736038917140018 -1.755438605047092 -1.9991407683137006 -3.313909195777401 -4.107491652176135 -2.5052392394865604 -2.98558414996938 -2.577333432035883 -2.397639610308116 -2.5847616251184995 -0.8221711357131997 2.081958580609937 0.0782846242964644 -0.08289360048975399 0.23165911052009172 -0.3723986998012976 -0.7922167851659134 2.473260189540377 2.9855589165013905 2.835085542145265 2.7628641428953875 2.184841949142626 1.503263983456413 2.1446793783708324 1.536363353169303 0.7319730071304539 -0.22558807753567772 -1.734588085146995 -1.6650325569762754 -0.9799956619533806 -1.3170351297879153 -3.2793181019997824 -3.630113260928637 -3.7734968801963635 -3.415193164183884 -0.9549181986094399 1.4969856916348503 0.7975565804799684 -0.20486930205150128 -0.4589553818275226 -0.5550589346983297 -0.9691616291571208 2.852109352529212 3.2353730193931423 2.920625744878147 2.5452677466647153 2.2646112965527494 2.258848084650576 1.270496952951338 1.645598299310858 0.49816800991023646 -0.07613143414777351 0.0790559120034752 -2.6794179176027435 -1.8761313159959931 -1.379643888616746 -3.0075918462937508 -4.189035992444056 -4.478522753675264 -3.8800252383347456 -2.299782169260926 -0.7568753636943125 -0.35702124806026975 -0.5120633353128505 -0.678522309489295 -0.8236479231186828 -1.1369603589510209 3.0874948132351796 3.484297118223282 3.258170109125357 2.8581303068595676 2.445272930218062 2.2515925539692434 1.3938606354616274 1.6829339239841075 1.1951554609638588 0.22978053957572978 -0.14721153049305577 -2.3689681321894915 -3.0020279107009387 -2.7815122440090283 -3.337026714990596 -4.146497338759464 -4.3427115326131425 -3.893202721550942 -2.7537793630411174 -1.5844752880210349 -1.045088947042491 -0.925222883843011 -1.020401218871349 -1.170491700161446 -1.3001167244753742 2.8770810636235615 3.215397575859259 3.092493467283184 2.846153523340124 2.5356714030730254 2.2035852441313324 1.843076728445252 1.5618011927518451 1.3297271981429097 0.8732340125640283 0.04276757146302737 -0.87583419749842 -1.5297578591668377 -2.0398244851595693 -2.5668033703899633 -3.0031636609937697 -3.2194312761999946 -3.1936015554419996 -2.9036567065030994 -2.497994816764647 -2.1233634374636923 -1.859084479882947 -1.7617825541263874 -1.7217226757340023 -1.3136581654824566)
(UseCyclicTransform "false")
(UseDirectionCosines "true")
