(BSplineTransformSplineOrder 3)
(CompressResultImage "false")
(DefaultPixelValue 0)
(Direction 1 0 0 1)
(FinalBSplineInterpolationOrder 3)
(FixedImageDimension 2)
(FixedInternalImagePixelType "float")
(GridDirection 1 0 0 1)
(GridIndex 0 0)
(GridOrigin -63.691155423150796 -81.6700226790468)
(GridSize 25 16)
(GridSpacing 60.02395007443362 60.07482433885134)
(HowToCombineTransforms "Compose")
(Index 0 0)
(InitialTransformParameterFileName "")
(MovingImageDimension 2)
(MovingInternalImagePixelType "float")
(NumberOfParameters 800)
(Origin 0 0)
(ResampleInterpolator "FinalBSplineInterpolator")
(Resampler "DefaultResampler")
(ResultImageFormat "nii")
(ResultImagePixelType "unsigned char")
(Size 1314 744)
(Spacing 1 1)
(Transform "RecursiveBSplineTransform")
(TransformParameters -2.6668361053767495 -4.977441414462705 -5.842914059886345 -6.6171019048259785 -6.938845556701114 -7.001325171159119 -6.8774680831822135 -6.879656362442287 -7.333667980226017 -7.347444044531155 -6.020593957312887 -4.161809513862331 -2.5501693876271263 -1.2351876964442436 -0.2704508870815522 0.6234531213900347 1.7050550731945755 3.060882062775541 4.797261821683145 6.579012944622612 8.076645034978554 9.352214767220877 10.435570517572383 11.075831780134575 10.492252047285726 -3.0658060082403313 -5.592108914821412 -6.622490305702801 -7.449365209980433 -7.555132196362851 -7.347855932765807 -6.451054840651057 -5.757903217802406 -6.294003666593073 -7.283755567958109 -6.727409932182216 -5.369396072625544 -3.985504974509324 -1.29770848880289 -0.40072395367467817 1.708687484144054 2.1998462016590468 2.871331446113398 5.151038411375349 7.5276055235087584 9.241078365875648 10.511430630865823 11.672143690025464 12.583401572333319 11.646488613222377 -3.0036820598415566 -5.328253847463861 -6.32297633271557 -7.1033547599314115 -7.38403175676556 -6.7439697789266475 -3.9178567497559813 -4.124099235537006 -3.4000398661440934 -4.2049787169928825 -5.580623668295039 -3.071829682725893 -4.803978923552335 -0.3875583847963535 -3.0755118210244508 0.8573133153313295 -0.6408716919392645 2.4192005625107798 5.104809905688749 6.766607908876875 8.070811604418488 9.304585577938742 10.414967286233967 11.93607051147636 11.123233304795836 -2.9718756858478974 -4.856056248645396 -5.633168399294356 -6.201590132921223 -6.2861319735020516 -5.8630064574114575 -4.459856024212944 -3.4805948864598006 -2.8520913624186965 -0.7284695967232183 -1.7461958834449378 -0.8980899724951149 -4.461233330679494 -2.963654978732824 0.9689838887420769 0.4095580775380111 -0.7063985399467274 3.2015923771437866 1.755044269592333 6.910581517227393 6.528927140945141 9.833859606849993 10.569064781526674 10.232266385374901 9.938344589943581 -2.9340982334146504 -4.107717349174312 -4.448780178222466 -4.608723891344937 -4.417024066288902 -4.2468827577453006 -3.4593583081899513 -3.747760752235441 -0.42132239490217704 -0.46466800595312 -0.4508415833668711 -2.651186721447197 -3.0564068290096924 -0.47128525028119916 -0.1701751097823401 -1.7607071910082361 2.901242062836469 0.24211907140879108 5.617562852892302 3.2947726341562515 6.214912020102058 6.609637608865108 9.367072857036002 8.398773305584845 8.128962927981616 -2.893331618791205 -3.149239856266803 -2.895724471738415 -2.467633390329442 -1.9721879775255513 -1.6460205499459981 -0.6866700835509078 -0.6403720210724954 -3.843168057950472 -0.12803479561557443 -0.551670424984934 -3.816575262988554 -0.4114404189700758 -1.089757343144547 -1.6130910449355995 -0.8084410989414373 1.45686451803809 0.7114024887843472 3.9534734811813648 -0.415943647364806 7.352113755176134 4.953058110795395 6.586926448034075 5.842964537893364 6.315369654904914 -2.845917952972 -2.15705814130969 -1.3464068407450256 -0.32071856810185634 0.5733036227147522 1.2275353064702557 1.452295379069552 1.7297255361082042 1.8178517628445323 1.6177656277375514 0.4831966865942211 -1.269603269405132 -3.960820757044043 -4.642218617078914 -1.9805506907090928 0.2632234503884019 -0.17875996237012223 1.969422340178238 -1.7309100956113979 3.7460280413911464 4.674210890597772 1.9537797573640145 3.082947547262936 4.256487902864602 4.917588029408621 -2.785421836317623 -1.5122038025509559 -0.7286949131502563 0.4672385374167176 1.930760753345524 2.803045330121588 2.781262805537553 1.5018684288152735 1.445431854491289 2.7359378441354645 0.6064003335220387 2.5958882440658546 0.5754133070679144 -2.22774775249918 -2.59833774838262 -3.721805346759173 -2.3141798893942136 -4.353143069025855 -1.1138058469070282 -1.1961288330811721 -0.7123481789031691 -0.3540046454528601 3.1017618132373217 4.343015486998686 3.9498448296602224 -2.7922206309700086 -1.5240231665411912 -1.2537122589323706 -0.3577725189031616 3.0196092305362745 3.7459782642899913 2.258273695185702 0.12577940597969658 0.8629353605462193 -1.0338564707882136 3.9752148347926957 4.769743952265166 7.358630368309352 1.2296925828210405 -1.8106619760048681 -4.018849193409411 -1.7644989871082777 -4.92022342973081 -0.5238793291323017 -2.323426064609638 -0.6220651425805879 0.480939487776353 0.734890397847459 3.8920634282431763 3.068908467393077 -2.8552914674867518 -1.1351620095716732 -0.9763162601254164 -0.08830983379822337 0.30413431237714905 2.0595220451340217 1.422003260727402 0.7133098187619031 -0.7350556926320594 1.148049308602695 4.33652484679085 3.9418343876555855 4.277562782988787 5.4327602362561525 -0.5598403232038115 -4.85584878599464 -3.237829467446872 0.33485682524744687 0.06489684940338178 -2.750531555354796 -2.752863716407623 -2.470937410610559 -0.2719187153780229 2.3958017446113655 1.5733267635386365 -3.1656160470019765 -1.5879775384687769 -1.1155591203671418 -1.5044640130585536 0.08592935559485924 1.4207601333423496 2.4348595129537856 0.9240860346571415 2.4551333494808336 4.607256030592806 1.4491416078655937 4.189632988978214 3.264806507518899 8.566134867990028 0.1557212304374936 -4.994259863051132 -4.351291784978349 -2.530369001091742 -0.8482491599713731 -2.6889556446805907 -3.9955281318312674 -3.599110872067962 -2.014687366991039 -0.44253925072370504 -0.5467307734713255 -3.6968885533333893 -2.5418348125668735 -1.597059074825472 0.19334362203555597 1.7291225506088685 -0.7156453052028698 0.35908122759076805 3.9511486961792155 3.0253311342496745 3.4260110260023975 4.921525791860751 4.097320956831933 1.1706738024309764 5.024220396123264 0.02101695666172413 -4.4130770028543465 -5.484483567225805 -5.057506263519124 -3.729494300430401 -5.659923624059837 -5.934494644509194 -4.990469699928703 -3.910038055034479 -2.879040717100548 -2.397585811297165 -4.456707955967188 -3.918442002993359 -2.2762554055524284 -0.2594540820920736 -1.4396204754813973 1.9455781412217032 -4.187996558883424 -6.433907956366566 4.488867418979349 2.8473646855135044 3.0281626116248526 3.440495012323335 5.083575105211157 4.19507135904554 -0.43462173555740424 -3.244411319477034 -6.455185787028081 -6.869162551343603 -7.161151984584349 -7.834494639358201 -7.027252558140375 -5.9889269902284985 -5.089841786714635 -4.433686114212831 -3.734220978875912 -4.920416086122691 -4.569035077153411 -2.4700198169353857 -1.1125939263682867 -0.705988046383013 -0.9639668008436315 -8.472214706293697 -7.3340493413380905 3.2680921332906325 3.0168749495051763 2.9974770617684374 4.030140360226932 4.035666654036865 1.9775656472564629 -4.032165518400352 -7.086065174387323 -5.945118894640675 -7.3931846395855745 -7.302779768559416 -8.590847612318768 -7.822420377660508 -6.711089912862 -6.067472967303833 -5.717227618372946 -4.820140549763417 -5.027531646040773 -5.0422318157398465 -3.970325613699171 -3.1096122396368453 -3.1904569324155014 -3.9923806701046356 -5.449335433829031 -5.1874276202399665 -1.784004654837198 1.6574021918194588 2.339726145980739 1.4773981323466263 0.7416043402182083 -0.8320232349823284 -4.888353581032545 -7.469054492528732 -7.087241750559429 -6.436421822371389 -7.151987960876379 -8.391142498522827 -7.851131774475661 -7.119574353690059 -6.831724294427876 -6.7047667167330145 -5.615570896279437 -4.5078445499091195 -4.908309230469286 -4.818793119361295 -4.641992061415673 -4.461850351724148 -4.3299776660520966 -4.28414381029876 -3.8453471795100493 -2.5307352945682857 -1.2626071675116244 -0.9695910179533526 -1.4662734716034769 -2.584164030474124 -4.130826147348472 -5.895541996879419 -7.220924415586399 -7.493468326166574 -7.402939502844995 -7.63202372392554 -7.835442665007237 -7.675907052918781 -7.467607235331269 -7.421479205330537 -7.341923962061306 -5.953367097426472 3.320062078579487 4.397400324808508 4.49783015316981 4.214353285260463 3.306385513592965 2.03596432222356 0.6028281066903884 -0.8931136698814628 -2.331693700874529 -3.460748742086462 -4.055713705524917 -4.420832857636764 -4.884619473791872 -5.532110324924674 -6.453617206010031 -7.485991774526667 -8.349331967477589 -8.52157645795501 -7.487992777066611 -5.835226266912244 -4.142679430278211 -2.6070846640146463 -1.3267566794866505 -0.39581727026627966 1.3767442264255203 3.1575507981578244 4.964087796297824 5.4601787202099885 5.510676158671285 4.628764356738101 3.45060282308426 2.5356163659635262 0.8371522608253389 -1.6092243935004724 -3.336141413057315 -4.182248234874687 -3.4962611616864185 -4.8072216192940775 -5.742330113912396 -6.233904039052751 -7.294872999390026 -8.42252848858 -7.886388740693038 -6.5345223393823355 -4.952444254086369 -3.350542103558811 -2.286875430698134 -1.2766791765907295 -0.3444951195475929 1.5210825869546611 2.7126965305561583 4.716871583669316 5.3963820081263565 5.742572437082283 5.331142028212392 4.0720810686143105 3.1266688335925505 2.138564280618816 -0.49919380450589396 -2.4503870981125053 -3.62957101361779 -2.020779204608867 -4.672189474423062 -6.832743942044743 -8.566002696629436 -5.727863832359904 -8.571668791109069 -7.925578382914654 -5.422089283902894 -4.344426280017326 -1.413290046862143 -1.1695485406534674 -0.8873550340734021 -0.1196578307849072 1.4652464221195525 2.0336090792020527 4.142249318561319 4.987093829349062 5.671830582893881 5.83071252695581 4.928628657609454 3.3619786794506092 1.9695026721595132 -0.1120554973854188 -1.905009847139821 -2.4093485834285944 -4.409288686440615 -5.266830180008335 -8.32354480406208 -8.252619488247966 -3.6020642127624702 -5.147103789690218 -6.132294849882128 -2.751733966904309 -2.9888277177154277 -3.4942595026344434 -2.9563412057314253 -0.6150832077364211 0.7861821261016602 1.728394417244732 1.1723737302117898 3.1423208769277275 4.070601839428127 5.035675265819421 5.714081187961828 5.318455666813607 3.781113216326888 4.02581437465016 -0.969680514372918 -0.9880057403464282 -3.479124274433797 -5.362267120230864 -5.464901440996504 -4.8574693904795225 -4.541130592104471 -6.280760690572038 -3.6446542081726623 -5.599279586867525 -6.1032746286207304 -1.043289532312753 -2.87400112792226 2.0125013769239164 -0.41735367606510415 1.1470592739666263 2.257976471272272 0.1457016955287779 1.806479616720047 2.8754685890958904 4.075355467726975 4.951369890994118 5.047812509858063 3.020632187383766 -0.313288034839393 1.8476326340705218 0.18511617265620428 -2.776362353998473 -2.8159900530444815 -4.031544903224363 -3.711255343283013 -4.418758756228699 -4.164262489535866 -4.369933591239025 -3.800317601978693 -2.082279873045666 -2.441458128962687 -3.9030623341137813 1.804648399680667 0.7802659861328073 2.6720018114821427 2.95261076356147 -0.9192664106312246 0.30362967678377906 1.4623717168346135 2.7363756829383252 3.490219258702757 4.005498094554325 4.429879434732562 3.9540903382907575 3.5091740892686736 1.1829683244903315 -0.6013728612817174 -2.7936467558440286 -4.612987342231589 -3.911484823205622 -2.750709081864218 -6.617394663778446 -1.9400156919283087 -2.458788902297446 -3.9902123548577477 2.860678585271196 -0.5303586793700098 1.0723924276251893 1.3959885819251112 3.578962457589949 3.621650943417836 -1.7643341243921442 -1.0860088884676589 -0.3161341688704907 0.6379285682493919 1.5649392711956869 2.3371246809119897 3.2703362914768492 4.805198172366798 5.987213606928671 1.1887445865245163 0.37637536562777196 1.975950045288281 2.491423271456914 0.11189783654242307 -3.4893761840967725 -6.572750848717142 -4.8946435631115675 -0.5236483163069902 -1.0610968668833467 0.5014486383008192 -0.40509636948033295 1.4422740349531633 2.488290349225268 4.07023325176779 4.094380194252554 -2.2676845713955385 -3.237700771559268 -2.943369943712729 -0.8861421335662688 -0.35549989069156346 0.26268420502749573 1.5016485821761454 -0.9669000083935284 -1.124106993078552 -2.7736405238706094 -5.099287001375048 -0.7208716485666133 -5.544015663053884 -4.551325886828345 -4.842952471301059 -6.147107269236422 -5.228924863913597 -0.14995535616518713 1.1278261547894235 -1.2206312967084094 2.8151339790339454 2.0557132728566074 4.769640285644933 4.674430427828508 4.403586183475929 -2.2315164237797305 -3.206457930248551 -1.735341770673821 -1.8585824755817546 -1.9269905641118465 -2.0317550742795265 2.5529156177192975 0.4405784412821692 -1.6234566429861854 -1.3945999518761747 -3.2344122863515286 -3.3648249458584876 -3.188147356840981 -2.972655844530753 -4.006659530754912 -4.72863115619227 -4.952024741515306 -5.678337345849621 -4.469977647081625 -0.031316416080049654 1.7953711321305912 1.9691524114372623 4.229316237854913 4.671386773248367 4.701078072876708 -1.6958657834551711 -0.6305340488238665 1.2298938296178556 -1.1408653817091505 -1.0351723606609466 0.5663843780673303 0.9777268489746425 2.4177540629413437 0.5414344626697456 -2.66998343403456 1.28328134611033 -3.5903423702135595 -1.5002656114225885 0.9810460882659382 -1.0606956755103623 -1.2553757602701099 -1.8573137387777396 0.6677321164990498 5.15747468508353 5.136203781313246 4.001993902785221 4.161133379102312 4.3633190692440955 4.800473555927907 5.00600065338217 -1.2526704360802896 0.17773392026218654 -0.10786159133129088 -0.49966115027995406 0.33784879865522116 -0.291535013531484 0.6871301414354212 5.530102565102244 0.4812474378481361 -1.5336131835645066 -3.712916009872475 0.839949320978705 0.6940499088618124 0.8210695445752527 -0.3016028665648989 -0.007145772953029338 0.1811915767035794 -1.7051443551707002 0.034105893472300655 2.052125073943141 3.336826246006418 4.026828945011331 4.492233080207578 5.074619961140058 5.2255098399154996 -1.1070235829489048 0.5759539340074784 0.6456975291650947 -0.2027091180386248 0.9509705572883607 2.4952316958321537 3.4495664834233324 2.1688640105589245 1.0398634766220274 0.40118374344396673 -0.7190782970213782 -0.5015982604064907 -3.2064818481806823 -0.9370773517172822 -1.0712010270676553 -2.104562026883085 0.8703767519558254 -0.8376661833755483 -2.9147331358116633 -0.8591349517897666 1.6651875126394236 3.5847198654215466 4.729151375652429 5.352679811855017 5.323722401457711 -0.9548736147696747 0.02747013375202493 0.12127478681751507 1.0502918182664736 2.1094469310535073 2.8134168747162107 2.8490246359698173 0.7811904093849134 0.5804026336502701 1.6809085519209235 -0.3120870117015184 -0.5548816053308091 -1.6324876399953652 -0.8350566659102628 0.3091557875743937 0.3630677683250475 0.27166486707807164 1.948840799087567 1.5952907456589356 0.05804924576177083 1.5924172777228298 3.708907697275223 4.944598215568722 5.4772584955492185 5.2148834161809985 -0.7931402491696329 0.13731821859315035 0.5971554129710608 1.6677005191652796 2.53748140777112 2.901964359152318 2.499444685825709 1.5168462215374905 1.0494122953638256 0.9562640640098367 -0.2169087801589835 -0.43018925121604695 -0.7395952977311543 -0.309973915606032 1.2437383387040488 2.5816110555757352 2.8418771406111545 2.893144472573339 3.511636562377242 2.8391076634100534 3.388656903838133 4.427553154594978 5.169029676122898 5.544942015658543 5.083295204190549 -0.20948457067270365 0.6551103038763205 1.1197329443074124 1.6991380725858247 2.269044574787787 2.5338424024073505 2.155888988461602 1.6979244810857432 1.7221124486830706 1.6977347954246242 1.0628905647843319 0.5029691563790766 0.7339198157562999 1.5140502452415103 2.6340392456715724 3.832057234088558 4.8849902656875415 5.501533649357771 5.458325060591812 5.059323306580964 4.682388403509824 4.46659238349633 4.497392430972652 4.551729508581723 3.8507675630607974)
(UseCyclicTransform "false")
(UseDirectionCosines "true")
