(BSplineTransformSplineOrder 3)
(CompressResultImage "false")
(DefaultPixelValue 0)
(Direction 1 0 0 1)
(FinalBSplineInterpolationOrder 3)
(FixedImageDimension 2)
(FixedInternalImagePixelType "float")
(GridDirection 1 0 0 1)
(GridIndex 0 0)
(GridOrigin -61.805482978428884 -67.06000585981467)
(GridSize 30 16)
(GridSpacing 60.0459186696941 60.20065046008321)
(HowToCombineTransforms "Compose")
(Index 0 0)
(InitialTransformParameterFileName "")
(MovingImageDimension 2)
(MovingInternalImagePixelType "float")
(NumberOfParameters 960)
(Origin 0 0)
(ResampleInterpolator "FinalBSplineInterpolator")
(Resampler "DefaultResampler")
(ResultImageFormat "nii")
(ResultImagePixelType "unsigned char")
(Size 1620 776)
(Spacing 1 1)
(Transform "RecursiveBSplineTransform")
(TransformParameters 2.17001676388568 2.8207168554071282 2.8701499163069757 2.7535305809076305 2.291461419499158 1.5060605643524962 0.46167053540031583 -0.7855154649233532 -2.164305920147791 -3.415996367907567 -4.369280379112155 -5.095684099395492 -5.4401127300697905 -5.416656375975125 -5.37559136128833 -5.8174539597827755 -6.475321293710966 -6.135081775903579 -4.702107675744922 -2.87437627431066 -1.1352274769958428 -0.10853302135585001 0.05586339537361821 -0.2667394964154099 -0.7932729882633183 -1.4509562206465265 -2.1458648393880555 -2.9076415636819632 -3.590809326407567 -3.777728393771961 2.64806192666319 3.8274656878092386 4.037077472369214 3.975019190958063 3.073723943221097 1.5271981270928017 0.02416048165159062 -1.8265042140581436 -3.8747585865068515 -4.878674995854389 -4.740624508753503 -6.715333422724345 -7.930011940992921 -4.7126002592959075 -2.500347407009803 -4.278895087008255 -6.625840224128918 -7.734294219438194 -6.248089342190745 -2.545891727426002 0.7834337141058416 2.9604770463668264 2.3465750042168527 0.23171762370163818 -0.7090825249050142 -1.9217849993819098 -3.3935975073957563 -4.760635887905917 -5.671442293464271 -5.661177202071625 2.616936224861058 3.921308940514833 4.161226722543181 4.136998135283793 3.2912705014068524 0.06454185168148845 -2.911471266486514 -4.769550447382574 -4.278776234861533 -4.9544908861760195 -3.8385491229366924 -6.26060626421917 -8.494197476949985 -0.2221219080695841 5.423164127511513 -3.2477480979639677 -8.196792945382432 -8.948090328679424 -7.043119114789531 -2.2445144691499124 1.849383412135073 4.576410930034736 2.532372020261282 -1.0004553221155774 -0.8051132700971936 -2.1643727442039844 -4.215371467394802 -5.3275908696250776 -6.241919955945059 -6.037691761004682 2.442095582926374 3.7463073324708724 3.930559699815605 4.036331621695265 4.405768251250477 0.30977095155574225 -0.35982371759175735 -2.4490533897218643 -1.4852709830405224 -2.310483712361075 -3.9020668889962797 -6.746921239872849 -8.066190112660198 -5.476275083592216 4.886720885778599 -0.9620563898188395 -6.423743434646131 -7.828201147355973 -5.306295444625111 -1.659445291259838 2.9182860179858503 2.997499445710386 -2.83608862897115 -3.264999087536221 1.9626894619494217 -2.8847586472807447 -4.899461617834856 -6.5461755127149175 -7.202937320343196 -6.459147282478316 2.0004566915449318 3.0815663962084785 3.2454145120250093 3.4726200234218174 5.69111882936779 2.8864622327999854 2.8189364556168095 -0.8030179192921435 -5.259705682527916 -3.189491630941698 -1.5624471750284374 -4.197991235029939 -5.1822046292481545 -14.406306521202387 -1.4539652404244 -3.1088471370542 -0.5093242784735357 0.5625683969823176 -1.4083342583109801 -0.5114083610549506 2.5749004711929757 3.3417375413928347 2.378259310480585 -1.5461707103329616 6.6349234593516115 -5.910977488781982 -4.549632264911001 -6.832113977161786 -7.904987855663749 -6.565294271122764 1.2649499979509755 2.1042719743504894 2.4514706743193857 2.4532932349859444 2.299699475309564 -0.2973796978553483 -2.1288075432930618 0.8617640209422229 -0.3258311736913711 -3.2862071704073212 -1.1962467392892655 -6.435041363273403 -3.330774434881775 -6.94365411033725 -4.1715216574277 -0.28462388297810093 -3.2242241421912703 -0.5725717268624522 -4.883338428822828 -5.744178692741899 3.3919932019483845 -2.2580150013195257 0.20901850933429675 0.6514837304657017 3.4220345370737992 -3.3130563147829255 -4.184294674249796 -6.856886336411127 -7.595559098152864 -6.3311657570353805 0.2815090641083688 0.7320044998670987 0.8886855628595615 1.4289934103309452 -2.504880589371718 -5.154151362050792 1.2528179297496065 -1.5695384178806677 -4.494076665523874 -5.102392932318399 -1.1361110952684221 -1.1538773784579162 -0.42178579762245055 -0.6792721938705559 -4.305780676627372 2.882406662331277 3.679340516774861 0.0371350499969919 -2.82085547069982 -0.7114649852523656 6.404231671934628 1.138047419425655 -0.00308803302606914 7.394847637574117 -1.087387454449791 -2.403376293653138 -4.009931277241613 -5.98231182620934 -6.2884952581336 -5.706664610146235 -0.7959092707143816 -1.4374140547398777 -3.1416521013655934 0.8010461904010094 0.23958982113920063 -3.7556134791105285 -8.949235159143614 -17.091884463907657 -8.733542721101763 1.635864132382118 5.770622696280818 3.240198013209986 -0.3713756182888173 -4.891015760043374 -2.5792983521014214 2.8944330910555665 0.5184929127145183 2.7852232930248135 -1.2662970983606034 -3.3560035593343867 7.817354364663706 4.436806879647329 2.2296522168113 1.949975383934743 -2.104190290875291 -4.612469393346078 -1.3499833491657227 -3.270354780219183 -4.809081664849267 -4.741006890837607 -1.8442191068571687 -4.085799373777521 -7.837694099538464 -2.8173624152503454 -0.13540157784082646 -5.706938649850215 -12.49070460171338 -11.165466760492098 0.3743166435065355 -0.05621612898384091 3.9538351193094883 -1.5971537414629557 -1.7279204677379003 -3.765219399793919 1.9836143261557937 -2.792109357752111 -1.84208466200343 -2.520536591227037 -9.980336934944859 -4.297726096644739 2.9949381796213363 -1.056997861500025 7.598400125889144 6.363924567790496 11.240880075567146 0.23135493825993944 -4.165240363775064 -1.8734417911850103 -3.1814150745558547 -3.4952383347150664 -2.6859635435737936 -5.499368418302203 -8.16894328669181 -5.046869023638095 -2.8624470918698504 0.4731012241484889 -0.20622449003475415 2.146599058476154 4.5956340292763995 5.571143465910628 9.618746794849068 2.3839654483235404 -1.0780990170339604 -5.42540048786619 -0.5461125363259074 -1.302848726400122 -0.26136127688366473 0.24537476181079368 12.790578405924569 12.52383680477601 -1.0597807641300891 4.268379308282047 2.919199803239785 -1.6749697893552067 2.0322493163716744 0.453155717194182 -3.4710565209890705 -0.8136536438533012 -0.8471633170876899 -2.064132042777364 -3.2537177223650557 -6.472231444943833 -8.812296709507821 -6.29394325967919 -3.1705782277020007 -2.44729665186567 -4.215867359254523 -1.5348347228956682 0.6464401768303816 3.0182171925179935 1.2158395356481473 3.25808145785392 4.072433120715351 0.939600520886234 -1.4760766499570623 -2.999272183663861 2.5664605133289644 11.247868672571869 16.572250690652805 13.593719736027372 2.057043306595948 8.845038865204655 10.96006359124491 3.6091684580935937 6.228640827128481 6.085658870221527 4.856846149056336 3.771691978068153 2.065136005044413 -0.5891410771249717 -3.6047998171278977 -6.776978877157665 -8.972817379854813 -6.466213966288344 -2.91292298421151 -3.5508252119511816 -0.6833519178449146 -0.9897326057613144 -1.7389354665356729 -0.9343207052300019 -4.6711278501088485 -4.473265044757942 -1.9438807824501478 1.740231858646497 0.4465778214950917 3.8837048560255347 12.036451139228525 16.988345697255298 10.202560849233697 4.668906066605396 6.845155829231493 13.262335131761011 8.668349009774575 11.91304276872378 11.31070728401759 8.308961724368428 8.00054757879781 7.218735015218684 4.727876447047176 0.708654177981529 -3.7598370316509464 -6.156551434253235 -6.940907912682845 -5.862711974110029 -4.928897402944985 -4.313301737948084 -2.9516439005090107 -0.1885412237570594 -1.4253611849571457 -5.039311196611697 -5.833266526416593 -7.0692189830735925 -9.121847727239713 -3.6402304682679314 1.9318978753005045 8.656115067305079 15.56642102105681 11.482566427478316 10.161185727258932 13.817494629826024 15.22565586038122 17.84314709190503 14.087426791205477 18.63720920333664 12.710904372949042 10.286364997803142 9.047997824776084 7.506200256519069 6.327815994029538 1.713254188106765 -3.7167678460536155 -5.497318984614677 -5.740030471953155 -5.785623456621034 -7.303345227172816 -8.597377363515532 -7.441390192629029 -2.520443160427966 -1.910905351543524 -4.961696449466651 -9.41953990528705 -13.500106562843124 -8.596072499645915 -2.4647559932639194 3.350259073593045 11.355781669051527 18.627032973931822 13.737431838601966 14.566178224175141 16.434409406216417 13.21142308276134 20.033644267721435 18.067205337918466 17.095964996170437 11.21945129871376 10.931030573980275 9.561438461230548 7.303655843853088 6.462222661964971 2.381020490582934 -3.7156890355735404 -5.389147618518759 -5.778185644524025 -6.367620054351829 -7.129349180290377 -7.050301478900149 -6.349830076163195 -4.996883157466694 -4.3235257020207944 -5.213301199072243 -7.749354241285706 -10.462744575344509 -6.977905673542639 -1.4652615929915838 4.126334825421123 10.583275181319241 16.54186715651249 15.734960375493715 16.20125400945893 16.67630809805717 15.910888405027315 18.190641849900473 17.402155802460772 15.578454324501145 12.769625571963768 11.252536805406654 9.339742559779955 7.534415132694456 6.4386552708008535 2.761163414835933 -3.074655325938297 -4.454479337472469 -4.790818748487959 -5.280610830073619 -5.6435164621336495 -5.7272662155688066 -5.538585428784515 -5.075973329642809 -4.471976558082749 -4.072604706344693 -3.7253726192473438 -2.954487564587745 -1.1504204098239448 1.590425653281005 4.892037642387818 8.237826608751874 11.184046380674076 13.019685902725712 14.024527139702158 14.448882534406831 14.344093772699427 14.08318580703256 13.581160152098782 12.644858327296463 11.330070262206013 9.877509335635152 8.418349501594614 6.956766773152039 5.99771042818363 2.9460816452509744 0.35437724320606623 -0.4502726958738165 -0.6777883089484487 -0.9641315700786811 -1.1319267154334092 -1.1290075667615145 -0.8519589989917448 -0.18544692637952184 0.6706105219126955 1.4145451844049324 1.8794607867724782 2.011351083490257 2.0448547928337413 2.279543582203122 2.6571203618157537 2.7146014890002523 2.6176069640572766 2.998202505669461 3.9773007983422084 5.163007016588573 6.28266967916423 6.959897623587048 7.0610438516311556 6.684726983666492 5.911892279269613 4.760412928113071 3.3452512337087406 1.7507284459565802 0.48133311305920917 -1.6059810526982288 0.762720446000078 0.09526555543365184 -0.08250547420712126 -0.5936392591063069 -1.1429018276442766 -1.3195598963306892 -1.4276844448247 -0.7495869357485425 -0.23170457299458244 1.502346942911145 2.5497393764686307 2.495513532886691 2.714121043109143 4.25844599606947 6.015622361893739 4.945993939662515 4.230802168037969 4.122606673578783 4.995125624932077 6.218221120295029 6.82568348091088 7.164079369736736 6.744745288251589 5.97538009564419 4.916228623966663 3.465107752628489 2.814556065196967 1.013458560347858 -0.9517402265693746 -3.42172611623027 0.9776007509470248 0.44087379573618557 0.2226540017273034 -0.5434603958450905 -1.0783885502804795 -0.05341767234340767 -0.4030994836711009 0.6084502414788423 -1.0180261565529627 0.5092535268414029 1.1139756428855432 2.166007887024689 2.979055749131573 5.193928727607327 8.024764060855384 8.11398436328227 6.149518842018255 4.049673549702942 4.838311765296873 6.11071060458129 5.861514609660227 5.189305430117102 4.22114644473986 3.7448604647927946 2.698475524453581 -0.3182226883356238 1.461376371716515 -0.5335138634202905 -2.0781222639585537 -4.097528268788522 1.3301965597010756 0.8999978436951072 0.4768091365181376 -0.6699260550777179 -2.6916784641907965 -2.945398606997996 -2.103157502859976 2.0317317413804385 -1.0698972583712705 -1.5690323135818238 -0.43133695225363 1.7825860594155145 2.774244000963787 3.1360638253185793 4.860051244920357 3.493490689577507 -2.489861032945727 6.105618281392252 7.853534347837197 5.799148726990469 4.942837876919661 4.324242887985309 2.981086035221635 3.1634035462774786 -0.7334254755122882 -3.939064981258408 -1.4661588549404336 -3.027630113761053 -3.6247346987532927 -4.983089332755768 1.733172652337274 1.5299699875902188 1.0731860213044622 -0.7758342226921053 -4.569354300090254 -3.7486627594366735 2.08469795647927 -1.8165010481519623 -1.7448813141910005 -0.7781510162595305 0.5476533464998835 -0.6803651473549339 -0.14044172059974522 -0.4816998381496658 0.5432320865707423 0.18253278514584279 4.4515410445072146 12.40459959094565 4.170453392804659 3.0072964497978854 3.2518889586154898 1.9529134781926294 4.5440155390407595 -1.3646682943143107 -4.30186763670918 -6.32584922515043 -2.360305154974367 -3.2497606839794098 -5.09906849898107 -5.725551122965261 2.107876528164432 2.234599287142688 1.9729137385544504 -0.004930527001003371 -3.815153694349442 -5.0100561592576165 1.0482303525100996 0.8331070507522677 -1.244154304308239 -7.5587610617975685 -3.0646027040740003 -1.6720880303181913 -5.119375216371973 -4.612492130877494 -0.8987117644005231 0.9235590325438351 3.24088280696566 4.153618333815255 4.2354744751137545 4.815873573480586 5.944016169733162 2.727204501773042 4.356787774739984 2.8131063820033964 -3.8350476505842366 -6.007508747454529 -4.533493217453963 -5.102092353192803 -5.958553258662093 -6.275926598786749 2.3671814143930052 2.796844279038891 2.4545001683344942 1.5627204938190828 -0.7360882771220173 -2.767210250522385 3.638868709121702 -1.6520183332595109 0.36691686363369364 7.045570571749602 -1.4589928721392982 1.7766494410577567 3.528807600532865 3.283384186975026 2.131939507577653 2.793231706701754 7.240946604091915 3.6361868671920945 3.323041868653508 4.2521238843220015 0.45706210153039867 0.012935250064445536 -1.5295237975951606 0.6226175631793234 -8.07699779260683 -5.4320773637440025 -4.060736080993105 -5.214011055225563 -6.103424141826008 -6.615817715276262 2.370371568657242 2.2166293202604175 0.6206333096263356 2.8716565537313747 0.48789320942432995 0.2932659330525214 -5.716624016779806 -17.78537054468645 -11.661558861105915 -14.124969960794015 -5.8031933490347765 5.054264033550282 3.5843421405738365 2.0019909279330026 1.5229621571279863 6.752018949301656 3.1571019844669306 6.9506420648499745 3.7541081236802705 1.983191042234791 6.69614703848468 -0.9871791001724171 -4.532638226126559 -3.327041329063146 0.0305622861311103 1.219379880523796 -0.7560626641345829 -4.772028618408217 -6.8814863406738755 -6.892028106984932 2.080402836892771 1.342463510254261 0.5526486525432208 2.9057982135048674 -1.3028916860434403 0.3842952355904458 -3.513375723654749 -4.179321362610471 -2.4633771871181707 -2.8178123056292113 2.4933355401156527 -0.04187433265973916 0.6670581826947071 -1.0729194394796118 0.38334154647697105 0.06823971262700111 -0.23798741465847417 0.07132617494491032 4.701293382245072 6.191943497354416 2.5375765761638815 -7.392476387894207 -3.053060196184679 -1.1064843023331672 1.0642321931838217 -0.5180986682240626 -6.111139118171399 -7.632575430305302 -8.492889278175891 -7.171631107698392 1.5168166354449493 0.42838025312153305 0.6099024541876777 0.262189641804919 -0.009569488489598632 0.669083514649986 -2.196560233919645 -3.816574293131973 0.7919052812322103 5.844883646567787 11.19036582932466 4.4025107162322366 -2.9230230270120723 0.6417924569255963 3.506430153882086 -0.9203678817714916 1.003057820850744 -0.1508862206562954 3.301851560138579 5.666097879919238 10.666567286264147 5.809181573100207 1.2171468129746716 -1.8254406041642486 -1.7706421750146548 -5.875334787483896 -11.326665531817419 -11.458481116061666 -10.200458773395026 -7.530958085672114 0.7832014575564331 -1.1941731826359556 -2.8920221997219917 -3.6618320237524693 -3.2503030571708664 -5.967027345517063 -6.959885536003727 -2.2111367903191885 1.798111357722394 3.395032477399147 -0.9418491418572693 1.286978189366912 0.09696573038924093 0.2001812777224445 -1.9045585027392147 -3.888658747938823 -1.127304098371348 3.4377981651509124 -0.6285703314116889 -1.2798110743334372 4.090649923591894 -2.384018464853378 -3.8261451614866435 -1.5357255449205311 -3.0196884621308784 -8.244566661389056 -16.322168574431682 -15.41163631693254 -11.64871250064283 -7.872518981822294 0.11482989693245166 -2.2611539300368837 -3.705219851823717 -5.046391779833384 -5.221893970752921 -6.710640805929202 -3.368964116964385 -4.14852934639267 -0.7026624482620151 5.6583296016102445 1.0829625339763775 1.644991711060157 -0.6640830712379503 -2.46129683291979 -3.5698492020268344 -2.569398243864598 1.244210385588256 5.941100416013469 5.707295723510244 1.1044641600098928 1.0824585219885432 -1.7704742608591542 -3.3573624773177335 -3.6756406714366214 -6.60881193543459 -10.780621189347098 -17.303704220391396 -17.967317855118168 -12.25900033463514 -7.835125234752357 -0.3473746365892178 -2.931796662762208 -4.648431991605343 -5.669880445723853 -5.685501185713161 -6.488072070497488 -2.9214893618466884 -0.6036500352187111 1.4662707809896032 3.5977243056338097 2.3724713580695167 -1.7474377439717965 -1.1813861236614596 -0.2645931129982328 -1.4471319127498408 -0.014153049121922338 2.1391247534318674 5.027976649191193 5.0341312502515105 -1.2136915680376728 -2.783317272968402 -2.7240331136935625 -5.50343771292326 -4.540388834912737 -6.972810151548109 -10.147256068065095 -11.829701668020977 -12.449032564361733 -10.43614566003311 -7.382482706850056 -0.5811269173383463 -2.511666373421769 -3.0822284050638755 -4.547849824342827 -3.6612166489154934 -5.18139627791149 -4.786793235181526 0.6408527227798477 2.383576765700205 1.535009155200139 -0.12744700897925496 -3.0719778542499068 -4.392462279004499 -1.643744106816261 -0.8064560247690439 1.07476685667053 2.198044930731223 0.8656876487284699 -1.3911358828369575 -2.5604654101491824 -2.4076410449370025 -2.7378181197660303 -4.733907805732627 -5.60136784855185 -6.667032774559504 -7.768860454603919 -8.396669971895795 -8.706993813665726 -8.436192489050775 -6.650587612721066 -0.6646965389554524 -2.289809668650581 -2.985806341474314 -3.8798251117410554 -3.8729704507211644 -4.302364359535042 -3.121448025590831 -0.409086082832584 1.1767264027887752 1.3429931551798555 -0.26356196241311214 -1.7539575135832786 -1.7103572491327648 -1.3001519017053595 -0.6322323171027904 0.4430016414733742 1.4388585619975398 1.2945349155736792 0.25637048875308327 -0.5467302338138693 -1.1513631943734866 -2.329775202747241 -3.8123733680587466 -4.927170478362351 -6.1532019302145455 -6.663878489862468 -7.533992175639893 -7.553551275198812 -7.433229561107959 -6.075179206385784 -0.5863812800047077 -1.3137906470929217 -1.6893333527346837 -2.1064620160975904 -2.3057025510604845 -2.0535459326087944 -1.3200752490912797 -0.405578275196225 0.3918955063709578 0.718948511393936 0.5441002179197951 0.15016859137248048 -0.0617971724750122 0.02953934400595974 0.3765619257904561 0.6573442482469591 0.7515373075063267 0.6188369169509318 0.18291467030308206 -0.39941115710247355 -1.0798025293023614 -1.8512381250669325 -2.6813629804027506 -3.498034127795293 -4.2439619919928235 -4.684899182612415 -4.874862245937395 -4.846212726651491 -4.802211507510359 -3.9775349140413048)
(UseCyclicTransform "false")
(UseDirectionCosines "true")
