(BSplineTransformSplineOrder 3)
(CompressResultImage "false")
(DefaultPixelValue 0)
(Direction 1 0 0 1)
(FinalBSplineInterpolationOrder 3)
(FixedImageDimension 2)
(FixedInternalImagePixelType "float")
(GridDirection 1 0 0 1)
(GridIndex 0 0)
(GridOrigin -65.09834678748781 -84.70890498328153)
(GridSize 23 15)
(GridSpacing 60.04191626185419 60.13052883046739)
(HowToCombineTransforms "Compose")
(Index 0 0)
(InitialTransformParameterFileName "")
(MovingImageDimension 2)
(MovingInternalImagePixelType "float")
(NumberOfParameters 690)
(Origin 0 0)
(ResampleInterpolator "FinalBSplineInterpolator")
(Resampler "DefaultResampler")
(ResultImageFormat "nii")
(ResultImagePixelType "unsigned char")
(Size 1197 679)
(Spacing 1 1)
(Transform "RecursiveBSplineTransform")
(TransformParameters 9.625343972586359 11.52694038435832 11.69632049414947 11.597415168836676 11.222383497472915 10.668237446305953 9.92683951639736 9.075767583556138 8.18484519422721 7.3252433141619315 6.56755468992463 5.949379904813603 5.508266724271317 5.215658006872821 5.042985992330887 4.945509732058659 4.878420256972194 4.820585170522989 4.748874135292759 4.666085854769519 4.547172061551774 4.413290538370924 3.897431956016325 11.452547065337988 13.071715003732445 13.12123824989201 12.821400610218774 12.167323207962491 11.12927664291153 9.631934481485105 7.9312405915364375 6.257431757648123 4.788182098762536 3.699837838046461 3.0020493392696372 2.704347128060446 2.8930089430312456 3.655037548423365 4.359320613108248 4.384944930297021 4.401479413222354 4.861088447771285 5.394749199053159 5.655053440210502 5.693991193995683 5.688708919875573 11.379457673273976 12.688450192828933 12.73582773723645 12.470704547266562 11.89784368820177 10.757706866564973 8.871707189544274 6.704173091698275 4.667821716867316 2.9589755124147414 1.8067668271313582 1.1112157388550061 0.7793730498355773 1.2082720189014673 3.2894242749747606 4.214049556927148 2.9373102783166214 3.865219968429601 4.114415082784766 5.3931922953641624 5.7444607821834826 5.769153871764319 6.119647438666806 10.822170031552188 11.522940383532932 11.533578819926692 11.385062342945714 11.061066420006062 9.470202748084118 7.202999770079525 4.624242828207951 2.217147218081116 0.44906622981225935 -0.7660364218243242 -1.5667950157601653 -2.0426506031890184 -1.4302982357066436 2.2790092606722294 4.429685432036779 1.4388818659141562 2.5904879435796313 2.3613138831798355 5.4726619357621225 5.5586283359558015 5.43461756174762 6.386247844815062 9.754806676195852 9.453031898555029 9.248311101442741 9.084825377904625 10.096782056570351 8.138969990665032 6.699954138752087 2.1525007952530455 -0.9963060812818304 -2.409156822206548 -3.679058621381669 -4.661896358726764 -6.480861815888558 -5.838802878082052 -1.931508660129579 1.0426500244124794 2.0024079973110296 -0.3476066149831723 1.3262834729561075 4.408703544789222 4.0494388270678945 4.3905316142228825 6.327678010865741 8.44534700613831 6.903871261196096 6.169922512422153 4.761774249226616 9.572539856307486 9.120026795345748 4.8180474127574575 -2.636327658405437 -4.065344881069897 -4.359711417826026 -6.402876642093384 -8.450442261663325 -6.418830216619853 -7.666473370857209 -4.1275340507522404 -1.3470835372423646 -1.865512644967883 -2.247990821059987 2.4640654888315763 5.1034341609417835 2.6284011272688024 3.1457664902785685 6.178340744636964 7.075092955810325 5.072983801904223 5.685682532573338 2.1969237546697236 7.27849259027781 7.477720133945033 1.1082167572315242 -5.713787421267612 -7.29700483325936 -4.41538790116092 -6.9233316322305285 -10.295617812021385 -11.555312814188214 -6.191583640195724 -4.570052001454297 -1.886065185408084 0.23080473406949972 2.683946073721 4.4977124306476055 3.5810017718269425 0.8826290899153173 2.3146222843656075 6.061687389955498 5.483809573510573 2.757459716836381 3.6541267018967374 2.6074237521785415 5.090851090769352 5.276625480727344 0.7572987395039604 -1.533898129187581 -3.4706215607774786 -3.756925304677853 -8.609720557036624 -8.740565581400107 -8.436394415475625 -4.710787579705891 -2.78757614896651 -3.3094301843752696 -1.8121395840972205 1.875057175918443 7.37575322789901 3.851189043571836 -0.41181554536208925 2.2528805916473598 6.239108682402499 3.523224043367972 -0.5399969005996024 -2.758104003876928 -4.183756222667442 -3.0647180984130222 -3.879159293556234 -2.7581025979045632 -0.35625354226752876 0.4972573426838637 3.2106787890145756 -5.821918372652329 -10.755841826487192 -3.3410985736991883 -1.6740268630900839 -1.787766857377454 -4.630585797713701 -3.4215127589011938 -0.5545348897496415 7.214099644137412 4.46389173552201 0.5057736631009578 3.296076200896836 6.9517897820481505 1.443227805694769 -3.77636899254965 -6.6051847459024025 -9.506733998816323 -9.709488139969052 -8.709771646876378 -6.70033151742773 -6.050885849935259 -3.3313953400574854 -4.468713166781929 -5.591514786873213 -7.805697731083954 -3.0269611926984825 2.0024733818388776 -2.295849245841505 -3.1158958390039486 0.16816822640640341 -2.2379467337275067 1.2897268304170662 4.395336663904775 4.581998984785782 5.1691377427001814 7.831200964938521 -0.5959661203097512 -7.032513483454752 -10.695119868295867 -14.017558521514657 -16.218986538523666 -15.345109772802283 -10.651835570392091 -5.991407188496967 -4.204535026604542 -9.952886487953478 -15.14200907140941 -9.463793850018376 -8.276410492663308 -3.2269441913502224 -2.6972749395236653 -2.1877017450707807 -0.9446186337830107 -0.39695530737686635 6.49641797703528 7.480872277619084 6.452339263198061 6.777113478925788 8.501299820482911 -2.3507307108053084 -9.507213278687011 -12.634130277447063 -15.654060773607434 -19.65575741395466 -16.68059524684877 -11.018319453899608 -6.279833094829516 -6.823560652511623 -13.147791892304337 -17.913643142117525 -8.61206769279543 -8.444064209155002 -7.206539873508 -5.030016003385807 -3.4259347103548423 -0.38260228627143467 2.5164011362084215 5.47080783145436 7.165235882005769 7.691608674263333 7.867080330698066 8.922360657981871 -3.7149222406133284 -10.471379006836038 -13.585298496601691 -15.771845256187554 -18.262586494673567 -16.370862320939484 -14.09302077352296 -12.683403582778642 -10.815091731708375 -12.906312426957998 -15.681722211141603 -13.92409744024281 -13.292886813104712 -9.59178784720429 -7.514384191561407 -6.397432023070968 -1.875251470899171 1.576645332808723 4.133634463163292 6.319821687891327 7.503884929574396 8.051268742449789 8.948411084525532 -4.655434745917761 -10.55498745015142 -12.91050764867872 -14.98289651071737 -16.498554777593192 -16.85033293609172 -16.293996679329002 -15.369401770552567 -14.182350100542969 -13.886362990917718 -14.470805908243427 -14.339873683880384 -12.61537540221059 -9.527921839616418 -6.9274676138979085 -4.544364753677303 -1.6804274911695734 0.9591297097961081 3.359858157155587 5.385848512452839 6.85330540954288 7.748125037233236 8.685395311866333 -6.354799383071813 -11.13990114563887 -12.7069384919111 -14.242889580617627 -15.367150030253503 -16.149776848192975 -16.418026676728875 -16.126094925812943 -15.218856683049047 -14.056029122884189 -12.974034560812274 -11.672995436294668 -9.870880677875093 -7.749520924245927 -5.49460452667332 -3.2265275472926906 -1.0707220856829185 0.9163986538207961 2.6831383644681854 4.187388350176671 5.413762453384038 6.207766216504062 6.754757156082747 -2.0152873247752923 -1.044595555949588 -0.5339385361632507 0.08635308242442961 0.681848271942133 1.25246710376047 1.7476940052080934 2.0904877592524143 2.2003152277989586 2.052326417078174 1.6214370123211856 1.051818312267632 0.4876136496835811 0.03435241062067447 -0.20247556780997386 -0.21863905804856043 -0.009991535012099538 0.1368148145915744 -0.06473270504476825 -0.3635976972442637 -0.5097854708423867 -0.5610103242079425 -0.5871942292640461 -3.1825447809105234 -1.7182030742758774 -0.9581616468285222 0.004919922455590183 1.0015846759605664 1.9602685983117472 2.72315977222228 3.3472045240857486 3.894855956897901 4.118772740305903 3.7718200284924635 2.7923468022266804 1.119353275024584 -0.3959852255616805 -0.9053639556601661 -0.6565431330664587 0.10386092930588837 0.4948884748729233 -0.3365132066394255 -1.3810433351108171 -1.800369896296091 -1.9918493463916287 -2.422417676831224 -3.550485445300238 -2.0234448589123746 -1.2324437808929092 -0.15700043656965298 1.0777045706223587 2.2208779724198555 2.8304477908567747 3.3851879665513303 4.370054014437158 5.223932057301013 5.375044409012208 4.273700821696079 1.372691832863132 -1.4026002922488352 -2.5582953218251965 -1.7381178991592072 0.9053147678433857 1.2920157978794264 -1.7415097334343346 -2.6264983315116393 -2.152414290051286 -2.276046177200038 -3.029217863101081 -3.9801506061042113 -2.5167497047946084 -1.7177837566539316 -0.469453750753884 1.3590950717883414 2.5053591142611453 2.1054120574320976 3.4627572395687305 5.270188625145726 7.074870403895216 7.799692323572173 6.533086404448989 2.5124651998451686 -1.8029209172437213 -5.022235240922613 -3.3397064769018354 0.8819462470692985 0.8709359238727847 -3.061969785244771 -2.717870837776281 -2.1151957919863893 -2.3554759874518916 -3.633276215321523 -4.458369214212347 -3.273525320109091 -2.592262244587843 -1.4755539763682515 2.110229855315713 6.721127422013253 1.7608267171561354 3.5414791954904317 7.1580431988164595 9.821898917996586 10.864985604929355 9.573218479036331 6.233274803433662 -0.6240143214578334 -3.164592192512842 2.780449649241528 -0.5836537433303972 -2.7055813527977572 -3.19681992398823 -3.2908665661602896 -1.353196254465843 -1.9271237958100502 -4.088622202485005 -4.886865320223374 -3.8735299649907313 -3.5447866681384106 -2.1450138956108935 2.4904132477423304 9.82991882758928 4.229638763527123 3.7049387035260124 11.126734277044706 13.274656328325008 12.522586913592104 11.307010001511278 7.158472535527297 -0.19033518464335542 0.47046796389619605 4.570721406560486 -0.5229024403598258 -5.565753184048119 -5.072666067890048 -3.632786372312667 -2.0077442551909823 -1.8796631613748993 -4.743107987980569 -5.112086811166189 -3.6189433787456995 -2.456374787019286 -0.5383468705233045 2.4142440901636997 3.8566526569919026 1.9295207030662391 4.8035965581021784 11.68845135728564 12.284950450470157 10.658743242807587 5.3257409167492575 5.669551701592 0.8326394258069302 -0.8544859310574284 -0.16851475606428148 0.6509244839568771 -2.7482000270068787 -2.023742130227269 -3.0974118796183014 -3.983471248400561 -3.5188946507246652 -5.8465263039481705 -5.1755438983821564 -3.496253822301683 -3.17543593925444 0.4575184591232855 4.045560408671703 -0.39281550744242466 -1.6982189621398407 2.0195145805573773 3.7739452826626336 8.617543529631222 7.953987034349947 4.561770827161775 3.137918336361878 -0.4219186381473445 -0.3474146860465079 1.4376360342120487 0.8202270975805633 -2.4392933019414795 -7.808475266167029 -7.359375826463972 -5.679572348171298 -5.775619136257351 -7.025712766739251 -5.101225504330399 -3.5184116366529943 -1.6763224565756758 2.280031513449264 5.021864088944941 3.397011328943436 0.7394457119527108 1.1564134312091703 2.983775762722539 9.095027491556312 8.722372480426733 3.8087684865344533 4.03645875813373 0.6972905570275864 -0.08679771431734018 -0.635058207484649 -1.5859976690796322 -2.514836122863216 -7.678727489115283 -7.110109200799181 -6.980845254059812 -7.437982935288413 -7.884887989511941 -4.880843512714243 -3.3620659009684966 -2.2134205729499823 -1.4235982667687324 0.38740700861634425 1.501203686551098 -0.0446485252630642 5.224973220550167 6.335443550915506 3.374503254163415 3.808766765595593 3.0783198145641992 4.507425811792237 4.711178629801598 1.9133421755000763 -0.07360607007121955 -3.263066348113042 -1.155512437446153 -2.865044919794909 -6.152741996486025 -7.4237287119871676 -7.915978596827785 -8.246247100998918 -4.530425967036681 -3.59509699265487 -3.7179306300414856 -4.157154409917925 -1.5151709134261167 -0.22638570846478417 2.3016591605786574 6.2600693886902405 2.6540590638365225 -1.2056724372125476 -3.985088602865238 1.5983048839268374 4.930482937457101 6.324449570723768 4.21669360274218 1.4004778645597074 -0.8395660329011833 -1.887798802258624 -1.6568174405863063 -4.25911057381249 -6.0808199718718985 -7.254755960814867 -7.921965304835583 -4.095609855961613 -3.4023080864588904 -2.8627206263764604 -3.0067233877635022 -0.5750832997200264 1.8445229218230428 6.003428740274397 6.781056771836324 2.781751352896601 -0.20375342611306133 1.7570298807737406 4.170499445771868 3.12734384054438 5.98614001524447 5.85176840792843 6.146961443170845 2.554544425602495 -2.840014421230496 -2.0970171887469977 -2.9368864233560315 -4.713056288048534 -6.077793272699202 -7.208753041336951 -3.5492234505674736 -2.4121213259257837 -1.3598289450050485 -1.2761644921021493 1.1542798788373023 2.9015415990418028 4.7378337586749835 4.693859295550747 5.746573364526119 4.128443374504139 3.0971299640223906 4.481145191921927 3.161367545943708 4.2935233832783934 4.822171814905564 6.351129302953875 5.2700349534845135 0.6614788694974928 -0.4088132838017383 -1.807716526681253 -3.5027362119991543 -4.854292039311197 -6.272838265368535 -3.0439941845128065 -1.7619715958479305 -0.8208514128321825 0.020598796636329374 1.5528274629221328 2.9829038878248877 3.9187350068382694 4.458302236663671 4.783932095359456 4.295926417238185 4.140879783591677 4.421990080029369 4.220217418303781 4.690146395493554 5.359521722226459 5.764854370394833 4.865040726559483 2.672726167061923 0.8027935413735771 -0.9264346773639215 -2.5787557851087093 -3.8084197291492004 -5.36305487348065 -1.7610384856446564 -0.916392661605054 -0.3484846640711866 0.3681807821337806 1.0853871033377813 1.7177192428141446 2.138136205212701 2.476936095705423 2.8405791032105805 3.2265719286708583 3.6223450554702006 3.902491681019545 3.937904246083646 4.037372363581321 4.505253903209123 4.794384725411319 4.358845389259413 3.403971637584645 2.145706681998943 0.8191181374767146 -0.41998029579756413 -1.3621713662384216 -2.8933281617652273)
(UseCyclicTransform "false")
(UseDirectionCosines "true")
