(BSplineTransformSplineOrder 3)
(CompressResultImage "false")
(DefaultPixelValue 0)
(Direction 1 0 0 1)
(FinalBSplineInterpolationOrder 3)
(FixedImageDimension 2)
(FixedInternalImagePixelType "float")
(GridDirection 1 0 0 1)
(GridIndex 0 0)
(GridOrigin -71.18415139884274 -88.64845267249125)
(GridSize 27 14)
(GridSpacing 60.08287970864729 60.44757801842192)
(HowToCombineTransforms "Compose")
(Index 0 0)
(InitialTransformParameterFileName "")
(MovingImageDimension 2)
(MovingInternalImagePixelType "float")
(NumberOfParameters 756)
(Origin 0 0)
(ResampleInterpolator "FinalBSplineInterpolator")
(Resampler "DefaultResampler")
(ResultImageFormat "nii")
(ResultImagePixelType "unsigned char")
(Size 1428 616)
(Spacing 1 1)
(Transform "RecursiveBSplineTransform")
(TransformParameters -7.955917641069255 -9.158207071475154 -8.521663188421783 -7.323951681697814 -5.8284460710932775 -4.479926181217224 -3.6503814077167824 -3.0485611338070924 -2.378131165743087 -1.7098825295154743 -1.1143984647433685 -0.7210713540436172 -0.6594060834175087 -0.48025744140758625 0.2657668316018657 1.2829865765304316 2.2757291459407862 2.8864108785131863 2.757444909663636 2.1591828494653518 1.3618823548001333 0.546097580345489 -0.11032270931642985 -0.6478969719496297 -1.1442586145649982 -1.5270263978731335 -2.240197709290571 -8.599194581893485 -9.876049207582867 -9.156087155414413 -7.870801289192343 -6.359490553183867 -4.8732841529147 -3.592861009971797 -2.834837308495856 -2.9060302428278 -2.594619192030066 -1.5753885704831405 -1.0513063389946793 -1.6451888163585444 -2.131268920048088 -1.3066439059477606 0.16583853022419115 1.6213512203943152 2.5030138334411918 2.2590223066274713 1.5909201267183546 1.1879161243608358 0.7312991877984698 -0.10372398510029233 -0.9395703726169402 -1.4440118267143094 -1.7380436584357624 -2.539018379520726 -7.997667402000249 -9.271323720133 -8.645318398455839 -7.6735952506189244 -6.846631629556953 -5.6309787573002765 -3.72938546795109 -3.6796206748423135 -4.591105779821445 -4.68855846953711 -1.5374572376729798 -1.3630673670653948 -2.573871852089179 -3.524549495045695 -2.7003096107619364 -0.9928060910401802 0.7827549159093069 0.9642184543569595 0.630033803120253 0.39286827565329313 0.5140271022649283 0.5182247188903825 -0.4169986914164172 -1.5491525169285614 -2.184486689658398 -2.502697328548009 -2.9561014014511735 -7.284165285408377 -8.358633509016093 -7.393060768211356 -5.896549832216735 -8.899181367088229 -8.129182858987487 -3.8602110947721484 -1.9156726079604272 -0.03985897012483286 -4.699766460059086 -0.396450478576812 0.7842591119802188 -3.006650976493159 -4.546518632335317 -2.981372766707045 -0.841619592276702 3.462568363487552 -0.26780372003428926 -1.809685966133992 -0.9015952953319892 -0.16620330354731716 0.37498752680368425 -0.2865441620880446 -1.4726116109121516 -2.8519303118457975 -3.950783496595545 -3.821423159036402 -6.524504785466766 -7.219887705853821 -5.60946155095445 -3.138675511157829 -8.608191922205926 -9.948005093506982 -3.5097987837336215 0.4749913573925257 0.8902309402889318 -0.6442336639722819 1.7345663101821884 1.5240109281690948 -1.251294649573063 -1.975234359379413 -0.3399834549665381 -0.5566150543359141 -3.0765079457520317 0.33563676554302824 -3.3338559542512027 -3.1501388958128866 -1.3503023236834792 0.49746713462417086 -0.7107412750248305 -2.433781194781006 -1.7896249609543342 -5.3591156640241815 -4.789004306364006 -5.954161728544578 -5.911377858816051 -4.222188620135053 -4.220847285260996 -4.1759258251716 -6.365443846782609 -0.20080369583914032 -1.7422986928400752 -2.0947326930178387 -4.607565711517879 -1.274537710999514 0.4659645014312401 7.2088825773139185 -2.560760507922813 -0.13143824535974744 1.8005115828675757 -3.595370065375073 3.1843463402874765 -2.7964468797672013 0.7845148561700451 -2.576637751759386 0.24273235785334538 3.7845149233485853 -0.802458069277109 -2.6190750812091075 -6.760403724716977 -4.881167896144944 -5.506913024112156 -3.257165242354212 -4.172123118261969 -7.481935176660464 -1.2034786589790987 -1.0908252828589626 -5.739318622429411 1.442575576838822 0.02357480610459205 0.2303218636690316 1.8439864013740912 0.5874167228387741 0.554877818840256 1.687076763334506 0.2661354026515072 -0.1544885177135004 0.48340629101561816 -2.3772835437236646 0.587035504615019 0.6512455280904131 1.1596336026114222 -1.55233820263606 -1.2106738830492414 1.4480012791126888 -0.6747266828373392 -5.619177021695143 -3.9264607789716606 -5.081745361607658 -4.193329591379881 -5.087940832879614 -1.7638278774650828 0.8931468070771861 -0.11475258873673005 1.4059328173313788 -0.05296497759635168 1.8704444058969067 -0.6539329644025621 -0.45055707093551645 1.8049444099490877 3.6895669272090887 0.05827500781966243 5.845005714601493 -4.872834938881252 1.1032452130387824 -0.5335222509529943 0.927186993440564 0.030432962831830314 1.5976637779072993 0.5441639541240554 1.6047551665354272 1.0778504820490002 0.5919021347025429 -3.2159339677128482 -2.5182838212844114 -4.664680125639805 -5.137555724458039 -3.906851228342002 0.7485947551853778 0.645361670297642 -1.730946654742651 4.5587898051572395 -0.26147951338732073 3.40232916462301 1.6248005729692152 4.06190646057089 1.9860410168650917 2.0873910998589773 2.4421935960607772 -1.8975789925522404 6.471776159037038 -0.3531668305001256 -1.949143753779668 2.513608566256696 1.3822892922054628 -0.4077838042050397 2.7156811298177344 1.6403412943057651 2.1575578070942925 0.7004388035543956 -1.1523371375747062 -0.9151265974451267 -4.195642404204215 -4.659066048050251 -3.3967671891760123 -2.3184654723445903 -2.791821733177126 -2.4125407338183886 2.9473957278568106 3.186768266763633 1.3929706257109926 4.518447652548298 2.1201628915379613 4.229445011288699 3.3334430876210432 3.903635221987869 1.5539309917479092 5.982581369013019 4.2066061741060325 1.9679362900708817 4.120565901515568 4.279645024043569 3.8416322598710857 3.0853211143152 2.360871655440671 2.198873606604505 3.529451568329778 1.8606581516396898 0.6934071108007555 -3.7787467989552033 -4.337211489667674 -3.3188183326060208 -1.6449547234487496 1.3463698395713095 -1.3851239318330475 -0.12666009701252018 0.8366794128726471 1.1434887832641856 2.601795515237663 2.349402596750856 2.3052405188010203 3.1488232607434763 3.1459319552337353 4.344526732928316 4.0882959605823155 5.333810854792361 7.057730659038849 6.11547053807808 5.768844451213634 5.55996378500063 4.978704648134707 4.158954022764466 3.6006503262532084 3.66173653913493 3.610060479232908 2.1771823211488237 -3.3030606766786295 -4.013272019942213 -3.2409000110198534 -2.1187308676571233 -1.224161628993937 -0.5766977557493149 -0.06885915929749072 3.353242396011497 2.9390552524051583 1.4672870244245213 0.5588967166881504 1.9051577345515687 1.7426775189159174 2.4659052165695274 4.213161510726247 6.063579962537128 7.48048925965362 8.533232046398123 8.330726669301374 7.524230285745496 7.23968567292801 6.479599693919817 5.673330561629445 5.442946407425801 5.372058364461691 5.218547870956111 3.5594657385862765 -3.0205785807276473 -3.884662320610935 -3.284446261031761 -2.3187422656407173 -1.3608272679367868 -0.24660920645898296 1.2186158829986635 2.7843288317092094 2.5994326395657916 1.8383351305439959 0.5618335377689797 0.38629774511722353 0.5801906585634741 1.366273938957702 3.218442323687654 5.539737604439509 7.729775694494779 9.219951842069321 9.480662085885276 8.995226774085692 8.44498362522834 7.780751968797204 7.272831290389431 6.988823862114282 6.76750846230834 6.488147215707028 4.603948186755144 -0.989300442470736 -1.484029329066271 -1.2076751047232521 -0.6792672329402654 0.0010747688477529059 0.745137230207276 1.4948054307091323 2.030079813144005 2.133444682959645 1.834452205018828 1.1624247459752393 0.5551828836469335 0.44937602819904277 1.0646709598277129 2.6215015803556083 4.671009440279161 6.763865861340741 8.422642790065527 9.170229717353246 9.276575974334758 9.013237267184294 8.624818526733245 8.34846641598247 8.154632228618345 7.907673317234249 7.570619114787984 5.598046321243343 2.102705997024518 2.743675236444892 3.201543434436879 3.703453502419509 4.025633979836788 4.019033250096625 3.502149782645003 2.759712344407064 2.0742540627944086 1.4836686590476245 1.0259818827567353 0.8322182343459952 1.0329132658469948 1.6093649904485037 2.542979495965512 3.6293600294896518 4.664303073115356 5.5421313269066115 6.156959519948744 6.482033157606441 6.490434549538469 6.174373499646237 5.521525857839251 4.706319777987014 3.8413608007794964 3.1355091953571796 1.9362344578450439 2.432414982736962 2.8288624144794916 2.9913370802337695 3.2615670487528496 3.7210604297417635 3.9729004503210708 3.60744725602973 2.544536904526817 0.7968553122235283 -0.7822903223196092 -1.3583704543433897 -1.161351361843531 -1.01630131260319 -0.5454235259714115 0.6155126575015573 2.071578337256917 3.417106190688083 4.706487263320645 6.027647758984563 6.809798416424088 6.563390802082276 5.734145517139499 4.7626307263802214 3.7961089714831644 2.9590951317169205 2.381432391180107 1.823932658135501 2.6587580910719284 2.850903455298936 2.5510966786225375 2.400959608803407 2.8861110961875007 3.4270205629693637 3.664491339850243 1.6908043480755948 -0.3193232858597906 -2.3369728770332756 -3.8740197891588948 -1.8102722916145504 -1.484597854024919 -1.3325502219619452 -0.278835810132447 1.2999903631358836 2.082716890275506 2.2699021217678377 5.427157359923825 6.470830492303455 5.83620722784935 4.487974110609957 3.3224758393124767 2.432185749612852 1.9036804971162529 1.6297976757831616 1.639375028439631 3.1311744464392723 3.242480110334623 2.2014941341601735 2.2223711605091325 3.073593736077441 2.653986004355861 3.434358359737387 3.995870177499484 0.10840211732070613 -4.974720452284422 -4.496550855206827 -0.5420720827896128 -1.2799549490935747 -0.15446188627779175 -1.0348635854329968 1.8853794921616192 3.803449650058995 -0.8297946777412457 3.06839527642427 4.2997601359956885 3.582830632564708 2.9989000399551977 2.0653190418732232 1.3910479933054147 1.1111746495407568 1.4026091096127609 1.710385368106616 3.6414808116128548 3.8025974440530854 2.114309942072091 -0.12074429811867313 -3.2649399170223075 -0.28566276716155575 -2.0994709604063813 -2.84898229479159 -0.40949537112609413 -3.6797328521824113 -2.0563821948595473 -0.5788510669105682 0.5554547828002605 -1.8196010344010907 -5.6015955996801985 -0.7476371119215217 -2.067312342236463 0.9586833350934597 1.1001163709468964 3.0621197998699894 0.11514475905840162 2.4225113840710257 1.9578307703915503 1.6539021025793572 -1.4336585355349902 1.8055074681399081 2.101401616662326 3.65259999821414 3.8861612601679774 4.157663331036874 0.9736816045725036 -2.064523437850624 0.06640404998633322 4.053629674303988 0.011730356527776044 -0.06327892497992778 -1.8219376514548877 0.20052137441228646 0.3100788021761408 4.0683896720434936 -0.24127794149974396 -1.3300121177122755 -2.252591100037175 0.31650331290985956 -3.6243508324961127 0.7442236222249967 -0.06357938837873428 -1.2221746710393506 4.020313695329502 -0.5944751695006406 1.9429011201921453 2.117525943466206 3.2348616420408844 2.6683789171405397 3.160321213913293 2.3492739353317695 2.3880310112312886 4.035317791392526 0.12857749268796112 0.42143582763183024 -2.466755922936087 -3.551343852114525 2.7593518145179043 -2.1152765561603037 0.32636134400413264 -0.7332900201565216 -1.8504986212347432 -0.5796368868305929 -0.7064330906997704 -2.589568276047518 -0.8453534214944953 -1.9528335020902243 -1.2709336674379779 -3.008125333528789 1.1068351228639481 0.6932482346511912 0.5284266114201731 -1.0658236159951235 3.063750127984895 4.111104555425511 3.19413106292363 2.754035436327719 0.7400245356111119 -1.8106450700546628 1.7108534562540154 1.4626351746546316 2.306230421368276 0.7588586742167039 -2.6267774416187413 -2.0205498812026756 -3.6741222338056923 -2.334039621529791 -1.153463321277328 -0.1766969747210287 0.2776200713566652 -6.9990465278587015 0.5687988655569878 -0.20313277575815508 -0.2530447320832567 -0.1701625372860037 2.7331110793556284 -0.05006707005348231 -0.7099903846846606 -0.7721852765793078 1.5976468075700045 2.6890916139396537 2.4505907379208627 3.1765658442021962 2.6224604948544017 2.267589100536758 1.6893110243254676 1.3878552887701394 1.9974489982043966 -0.07962585422940834 5.014253778885269 0.004974037543324801 1.4342781462723475 -2.399477556131081 -1.6077467720950822 0.6316079522873046 -3.0624781570717907 3.4747155723216383 -7.417796199698543 -1.6283066976161236 0.6689104427697077 -1.4327820208439175 0.4180752554238009 -0.7854370983616945 -0.6889109847762194 0.9553330068011123 0.6618689840501276 0.9226657350760128 -0.7118680337473614 1.288299084995237 2.683089900507691 2.5039145372056586 2.5650674901351977 2.0919281138443817 1.5992786511704415 1.20542037554285 -2.021111418851677 0.32338713563785504 -1.99545362785454 1.039694123697525 0.5911107591546446 5.101882492464022 1.6818175799177213 -2.0241375680997993 1.0007354700232858 0.8954893710724883 7.148740713388698 -7.112903369856558 -5.966138181150453 -2.136945226368831 -2.6755640622626298 -1.4499995130596366 -0.4505980788445573 0.19286875267119527 2.3678762685739105 2.6874811050429925 1.8793808243372139 2.394214318895447 2.326977848988075 2.465565868991949 1.7239035251246533 0.6097653095364077 -0.17285941591342074 0.0985998025114574 1.1184460485543632 5.9907056867373445 2.6678979132486176 3.2718298018040093 4.918057504085037 4.1248100159253624 2.9362258544722826 1.853095715353612 1.291196346422407 3.084355046892094 0.3744766221663022 -3.67672326922943 -3.795383615439427 -3.152912936994231 -2.075931487482348 -1.202069191775006 0.2133047653897625 1.5411576679316787 2.077308698436725 2.106895274368183 2.442035260418653 1.963581992780256 2.183279671568458 1.5269252859746507 0.6310946909924221 0.2998541461641872 0.5593862413941719 1.715795371638596 3.4335000784689584 -1.5342217247329988 -0.1683608302391577 2.565978521134034 5.299693610776615 4.955484903697752 3.558422225825269 2.4333277236190436 1.2650407246302682 -1.04827247316001 -3.7307270120713123 -4.081223895534306 -3.2760221379296333 -2.0317793314551538 -0.9863529952235922 0.19214571158375418 1.3476724890171567 1.9875496179610421 2.2223649541485786 2.43667915753261 1.5414852831059016 1.7582290206613527 1.499963511411921 1.2103122731383016 1.1340570592910642 1.3721041756843202 2.1865647759079976 2.4330224073935955 0.21178957553413377 -0.6260440407646423 1.8940616089477424 4.813497493827507 5.194506065217911 4.4408575559526575 3.340403736027242 1.756300812742272 -0.4295766922876074 -2.236787659518694 -2.637951718007061 -2.153447980304761 -1.291282660223052 -0.3731652499824256 0.5617693829742463 1.400695994778397 1.9470725606429242 2.241332654785377 2.376440727370492 0.9663167282414153 1.3452565456141243 1.5859788049433403 1.974682525607594 2.527470721648374 3.014173385574397 3.185196564807012 2.957972938086292 2.2482721396473737 1.9595633653737397 2.9959884610702443 4.344262710492412 4.989389668078832 4.8716982363101495 3.9312443289255086 2.6122621142966294 1.3595943668541801 0.39115961398612914 -0.0754846482151094 -0.14465992511296738 0.07870173892827846 0.46064039422977393 0.8685681478295271 1.2638235325725165 1.6025726734652381 1.8154421431956895 1.7840338871413381)
(UseCyclicTransform "false")
(UseDirectionCosines "true")
