(BSplineTransformSplineOrder 3)
(CompressResultImage "false")
(DefaultPixelValue 0)
(Direction 1 0 0 1)
(FinalBSplineInterpolationOrder 3)
(FixedImageDimension 2)
(FixedInternalImagePixelType "float")
(GridDirection 1 0 0 1)
(GridIndex 0 0)
(GridOrigin -95.41660722602393 -79.06858494714191)
(GridSize 32 15)
(GridSpacing 60.6865198661156 64.01857123321483)
(HowToCombineTransforms "Compose")
(Index 0 0)
(InitialTransformParameterFileName "")
(MovingImageDimension 2)
(MovingInternalImagePixelType "float")
(NumberOfParameters 960)
(Origin 0 0)
(ResampleInterpolator "FinalBSplineInterpolator")
(Resampler "DefaultResampler")
(ResultImageFormat "nii")
(ResultImagePixelType "unsigned char")
(Size 1697 712)
(Spacing 1 1)
(Transform "RecursiveBSplineTransform")
(TransformParameters -0.2820167814766818 -0.23866344815872856 -0.21738275725070696 -0.16596447480632293 -0.046693260983593415 0.23187018652708705 0.692413834576354 1.2976008058326463 1.9889832907666172 2.738686082846019 3.5566687756604423 4.52910994331047 5.539342503720779 6.264220226418403 6.628051779193799 6.732232795615865 6.612312088870612 6.315775269111954 5.864721626389046 5.276629215166025 4.589057610944216 3.8797087031977133 3.188785103025602 2.524815890772644 1.9088793373055273 1.371466173154784 0.9258007465118951 0.5694095189574017 0.30238914674075557 0.11813913401678622 0.02175449424119805 -0.10862698806109378 -0.10000929922825767 -0.2597615150368362 -0.4405296677875265 -0.667165022499367 -0.8991960842589843 -0.6677713670430403 0.20901272690746853 1.5153624765007598 2.111950366395039 2.8437290133722333 4.123550001231175 6.0996884012969215 8.141208512443857 9.163855644417122 9.421464052139378 9.633154704879848 9.58757480894458 9.161016327753565 8.50736140391569 7.719676949059103 6.7178994109385055 5.657691268525265 4.530108166388506 3.310561676820755 2.1015661069604343 1.0678439558102948 0.27912175432441105 -0.2643527301753043 -0.5784250598203472 -0.6962180585919429 -0.7018094643088679 -0.4955290662499082 -0.03824579290863887 -0.3705651016219158 -0.7075776823416278 -1.6911257918455254 -3.2106916405126587 -1.753492266164897 -0.3915266703781781 0.6053637052793135 0.9801677629627007 1.8658256670221807 3.653105953080184 7.259454102274381 9.869504837664985 10.60247953517531 10.366343814686859 10.743678867186263 10.70602901105637 9.779859016145886 9.789998509500458 8.84507179487056 7.390014958681613 6.692876970495955 5.530095406032116 3.8577849168125065 2.154273599048305 0.7390189234898953 -0.2613069688758843 -0.8833668294779451 -1.1750281230343094 -1.2117059576796831 -1.1434346118670426 -0.710040440056088 0.058444691138563466 -0.4839863078305831 -1.1808223371673274 -2.6792630756999367 -3.7634086997416603 -1.3218655665013856 -0.6779929796979313 -0.9621987499656437 -0.17684900149009503 1.7964540374562328 2.776899130155792 10.218089016677835 10.59078090679827 10.016370587427218 10.39162448339132 10.494174185990966 9.969669433457556 10.632517907007454 11.209035564144902 10.993574710847092 9.143546853876488 8.704174728639597 7.217432855601022 4.622072298004946 1.9362444006003718 0.06307718000080492 -1.1778892143198934 -1.8346645820442968 -2.024175570058491 -1.8998759159329912 -1.7100375332155142 -0.9724779003698147 0.20941787251572994 -0.4559942864664541 -1.2161657078652255 -1.3038372159942453 -1.66772409367486 0.34079874434610896 0.181161504659948 -0.07455035962731997 0.4768303008651226 3.360222146308883 2.583758212578113 8.596885899383416 8.533348477513053 8.359978342739671 10.899413257498495 10.733043121398543 9.66232675498655 10.622529132184624 7.848527430456871 15.032040712239606 15.317681530643524 13.651538567440912 11.534974867036205 6.655320963572654 0.6808937926688591 -2.2342071358224787 -3.371537573868008 -3.1508516328429543 -3.038908554395617 -2.651175201353257 -2.2905792654619126 -1.2237817070863104 0.4691914163555345 -0.05565306733994828 -1.032935454784081 0.23430463550578182 0.23460707791651517 -0.6621474526915361 -0.6692806308646785 0.4651265209085018 1.4402978648007396 2.857587012592966 5.345546622377866 9.477865742820097 2.479814367894828 3.0902179556001927 11.386523685041992 9.645744543794981 6.836229749979897 8.390416480713345 4.608308998326898 13.957349055146867 16.673267823826116 16.43464583724899 11.48587379005342 7.961731339741082 1.1353724776583063 -4.647073424052946 -6.584079276453418 -4.864377961444275 -3.940159096457538 -3.294595210783186 -2.791355745471499 -1.4467447075626907 0.8827338130907434 0.7719745716648279 -0.04611420809678815 -2.5032042927881455 -1.182898883919566 -1.3043637226870408 -0.9801616954386324 -0.6667511950835537 1.635460079975479 1.584175417646098 3.710567337339283 7.807643068035167 3.804438888739 7.578344786469534 10.863319026334372 5.965870756449847 2.5093950593736007 2.497820495072325 1.1844965333284774 10.0429951384864 16.6476056762552 13.571368688146055 8.10573097563175 9.777271043040203 3.009305352420653 -2.4907485501708426 -5.391374129079203 -6.351403538770552 -4.74749794482018 -3.6006740801284365 -3.0814898470903036 -1.6040965778324532 1.3690608824115371 1.8997209806721091 2.289087211317011 -0.13206099924705877 -2.091006002715217 -0.5920130315890665 0.453534169103528 0.5213966899316891 2.0666678854643967 2.5533769682994456 3.3209511123703668 7.620993091722851 1.800801031316959 2.4034599543514665 2.8538666569064044 -1.5450790230235412 -0.8454043165857587 -2.137207195802162 -9.059632477837068 -2.7689921033328067 4.220786386996471 4.5506722025620805 3.9289475069563284 4.2132866788404915 1.4037686771635374 -2.4532984882428237 -4.544279031645557 -6.329640124505037 -4.928064777446906 -3.652279962538901 -3.2186314460140255 -1.6987722985426223 1.846334058220458 3.1502746382285975 3.8174002876634363 5.381902628216667 5.651385106863558 7.594171070284138 7.743907817301763 7.716462006800046 8.688598698748457 10.136477522923508 10.89320302835075 14.862830310661579 7.688633054168076 2.242536106766329 -3.788294865896452 -8.72627141699631 -5.428578447157793 -6.955866907356729 -12.302446398843019 -6.747842251599037 -3.3713165858354963 0.39330533380035826 1.2518438772605283 0.15128247576654913 -2.3618388401682187 -3.7895419998150497 -4.253745362392226 -4.6586309843570435 -5.265213455614695 -3.8097782021718323 -3.25773897146795 -1.7321661820193401 2.2652136062947665 4.190925341763023 5.325629717504223 8.702715459641837 7.805392918579519 8.250885534273438 12.060034709087727 12.65459624102805 16.271326732303226 18.988158309100914 21.19179613825214 21.395234834573774 10.097010683064251 2.025474919478142 -7.711046156444872 -11.658227406920311 -11.390597149439564 -11.815591347369809 -16.455552206426848 -18.635603882559458 -11.832221440394292 -8.550042878557374 -5.256873965881201 -3.8806657750796547 -3.7754769032301083 -3.5671937306143056 -3.792965422192365 -3.730794181244991 -4.129638867760681 -3.5328049966475525 -3.189358916974369 -1.6998237849145614 2.57414712993765 4.653952396684232 5.792649673986045 8.027422892835427 8.305708451814269 8.465411578610517 12.185003035005048 13.644418357678768 18.72456477552176 20.55841080334323 21.215431244956445 17.88384907307126 8.551705967351175 -0.2734636850783078 -10.12484083876035 -16.153654030962688 -16.526604703191904 -18.062148703001395 -20.215201991892737 -18.813591513014604 -14.101185167501102 -14.248828664444087 -9.47166701191442 -5.736170046338594 -4.325170071835413 -3.378375941471367 -2.7653487738429288 -2.4441740050828633 -4.037428683870421 -3.6840060817998754 -3.03048823153595 -1.5958470090919568 2.782464088088274 4.788991517154653 5.6904045152385 6.962098999333602 8.271874642121494 10.116252286242055 12.236843656935383 14.882223694052602 20.72135314491877 18.712044465145524 15.028193210936225 11.56146548711252 6.3315529250291025 -1.1294255358490501 -10.380891195969467 -15.66251940602964 -17.40282550266202 -20.06106229911623 -22.303762149178613 -19.06873941575389 -13.372004093329954 -12.994755415822064 -9.905846872209151 -6.083521281389256 -4.5905582611286695 -3.2279961546891673 -2.3219975432727664 -2.7220996906221897 -4.464212863981136 -4.336194669482904 -2.886862537264764 -1.4495896626769498 2.8702614318385073 4.79156319455813 5.565962982523904 6.785664756308402 8.187316956383933 9.878142354404662 11.736146157785964 13.985127501189783 15.990174309343688 14.358588141125828 11.449158550268178 8.10100425037902 3.2086472467078306 -3.315719491304863 -10.134953597886268 -13.768625012757116 -16.21665712644748 -18.217957529334353 -18.67804161255007 -17.070001197620318 -15.171425105934901 -12.11406802540823 -9.309510094056531 -7.068617927145423 -4.8858460214804875 -3.801323620958217 -2.889698425071632 -3.3041437978756725 -3.8393427267337352 -3.221597111159969 -2.429151063131816 -1.2708375468932793 2.850480625176147 4.6736147363979095 5.353836331176787 6.491743138478246 7.810619954644362 9.311058705178786 10.770440351607558 11.904628393630135 12.155238776559951 11.089040253362256 8.77453976191688 5.397882597100019 1.282742938218453 -3.468044407021563 -8.204358080914849 -11.727511787128151 -14.110586556315925 -15.344004905224246 -15.31778820478703 -14.440442750900822 -13.051400194231837 -10.669782282022174 -8.326812649531753 -6.4465655040304455 -4.799415009642904 -3.766411052168969 -3.1818836291163333 -2.9407688470816673 -2.8265513092026566 -2.428859727314416 -2.0375209789560724 -1.108449496968935 2.3304699980190873 3.682998406603782 4.121534716570003 4.855515122578514 5.654731724699193 6.460158312387262 7.095944660572068 7.308243899021707 6.95428357699556 5.955049906481028 4.337941479504071 2.262776828283628 -0.1344283937178831 -2.7402284799341805 -5.312795867896537 -7.4320294228313735 -8.890069917439416 -9.614090120621714 -9.63824177873547 -9.15231818873783 -8.296903339605116 -7.20089158532309 -6.005887875439072 -4.877976857325187 -3.9144111299230753 -3.166759984066297 -2.630345136476799 -2.2208623573513124 -1.8950867491363945 -1.5810075386364684 -1.3539642712159747 -0.7416693098712518 -0.2291099340660717 -1.1219208183048857 -1.4926098347291572 -1.9756011559480116 -2.3352163317128354 -2.4153006515402136 -2.135201632408778 -1.5787939005539042 -0.785661335009133 0.19282718986882968 1.3151705986192146 2.343103561976028 3.200542611724375 3.8994377899592516 4.49552042745131 5.147257155236837 5.893260587773572 6.692016518208819 7.457917129954622 8.038573734193559 8.376330650451742 8.49123255130287 8.385106847841985 8.060465408371698 7.539259307818466 6.859982315424237 6.070923026185916 5.228133473892095 4.407577794140621 3.628346547854486 3.119586682050636 1.7424239322420045 0.39025827009539266 -0.7643218126886758 -1.388349853670482 -2.337992265882487 -3.500851994006383 -4.279074128984233 -4.049470677777783 -3.4504811676292073 -1.8467127223219988 -0.4594159540343367 1.4442687907504859 2.783219853644732 4.077200531603603 5.408784692575376 6.3871684893287055 7.719177257806474 9.27597772962892 11.378351179852839 13.537919478384739 15.080407235565392 15.839194134340007 16.114047506928305 15.838439335496824 15.047112711151842 13.852852230130646 12.370467067957374 10.719468884483765 9.020505374887408 7.4196182414509195 5.958431317934815 5.022241128019278 2.6863874879314027 0.8385161338049912 -0.20774454707971926 -0.863291806899079 -2.1944552796128014 -4.646808917445591 -5.273863678045909 -5.062261310497888 -5.091868074053897 -3.133968448172241 -1.058473939211653 0.8266399521504034 2.374862395375705 4.348562963278985 5.548972314472409 6.202529076273662 7.7387601416694975 9.038595022433942 12.82385110362646 16.234614800789448 19.055728014591033 19.84505041907197 20.297093159545437 19.94950717087379 18.79223393464993 17.125389165984515 15.11477730160581 12.928685911203234 10.722779698856433 8.681680365091491 6.8697560250586 5.73192843923409 3.0054863174467488 1.453634904747135 0.6416777525307155 -0.2047989494491026 -1.4669948617844664 -3.4175904500009575 -4.254986654631659 -4.503129589650154 -4.6314648271457015 -3.6903328033139844 -2.5089468890642226 -1.1519252502189112 0.09260942019767784 0.7615518729568497 3.0322783179867017 5.1350155764067855 6.963977733566333 8.687111224775066 13.762911773147385 18.987313482785407 24.815275070120155 26.413804606299603 25.778076411558587 25.628546274340408 23.971157939394626 21.28719698542124 18.542268125055042 15.559086069251439 12.718262897875718 10.116071372437878 7.860189877903409 6.482167270872692 3.3285628814236814 2.138105714217421 1.7346007150726983 0.8514910885770216 -0.30382082253100656 -2.567575789000198 -4.694283411577224 -5.5239659489603 -6.355859910747924 -4.915493154307941 -4.726429908582356 -2.929323160119216 -1.8700544384662412 -2.075230419865212 0.0301491531210617 2.5182411729724183 6.687319013014585 9.771660295651783 14.503798781539652 20.570580241299197 28.481495731873526 32.02951482822929 31.482389444718898 31.45279437753288 26.483403804781155 25.03092779222769 23.89633749072741 18.80050935926585 14.698257059725988 11.424553057397933 8.702172010004956 7.094052798740042 3.579958065130272 2.8152279542970815 3.0242230991425516 3.3093559319965657 2.2006552532003534 -2.74801222954238 -4.96678072147466 -6.4538870224831255 -8.152418937052882 -7.170075271116748 -7.300089032862036 -5.6616094179276555 -5.3258045529075195 0.848760555799368 2.2964236344371813 1.163471114946312 6.875361631549933 10.507045999537594 12.62730198590228 17.97115673105376 27.00831660321369 33.67879118290742 34.31223767150491 31.341601266907496 25.297732755265987 25.208025512142246 24.354960779035085 21.878758905390786 16.8546936381144 12.260951766536698 9.243301444834277 7.492458043993478 3.75081341767677 3.3771182372583746 4.212314941525338 5.183951759048449 7.120617314664205 1.4716792676098485 -2.670557749427465 -4.649984569278429 -6.516188270749677 -8.238054465794141 -8.463984772864348 -5.877925712034272 -4.896033040995326 -1.082512462081996 -2.2647064468668185 -2.308358641843558 2.7640721251258786 6.165040307753072 10.619750456503766 11.467645875215169 20.568618734630782 34.66506130656603 33.444010212730205 32.43774552036462 28.31687021079791 23.86207262549241 21.5651919009923 21.047346778473177 17.2323958977783 12.190831142431767 9.197312113427516 7.500936980645364 3.781671688939152 3.7881629712939446 5.14101960020214 5.5519601071894416 6.462633098441878 3.7816169809714575 -2.6900683305345865 -1.812714681455474 -4.0947923686500145 -8.118882549042377 -11.020268004940192 -9.872642706398757 -4.57999643971458 -5.973696341550357 -6.0840809911327725 -2.6034141441148577 1.9472679519528073 2.8930406194307703 8.368934459686125 10.004157231639153 20.399146178670673 26.384198628290108 25.115087378952488 27.142270752767956 24.332217702054997 20.79515463286047 19.786204838188524 16.807954407547268 13.783566904903086 11.393237767197787 8.766526198196686 7.247880224601867 3.7053560912016734 4.010260830688229 5.645293655891059 5.629581768877479 5.153408509370069 4.317384927617308 -1.4882358294736775 -3.6376753190059237 -4.676779805667336 -8.098215731739387 -10.203870842371698 -9.208144019720987 -2.098181263167485 -1.5747865706333273 -1.4825096072313158 1.2473478657212198 3.144981577418544 3.131059307319593 6.933222384355978 14.853989193933613 20.000131435700098 19.782435093047706 21.128556983940772 26.124850687831277 21.59975948831111 19.29637303227155 16.971727158064827 14.365613474756707 11.941767326365024 10.634302103638293 8.28872326340367 6.8546925233997555 3.550810598978767 3.9891326996610843 5.578593307809777 5.718246697727455 6.5564730008496435 4.5152811451897925 -2.0381948250706206 -7.3121471595951215 -6.462483620480668 -7.210805083281345 -8.824819269429387 -7.027609011050935 -3.802225127619585 -6.11218534305736 -3.6173615932075602 -0.2299528534177797 2.9685793960597024 6.962048558449476 11.403256771169971 18.03776662498798 18.145571455802305 20.685272797282032 19.9043878496753 21.654280741389233 19.91805218957409 17.636008736619846 15.211660516342954 13.885034319608124 11.98120090700363 9.320325837762026 7.492099166077858 6.3386923773865655 3.331463462693263 3.666588303442695 4.7965100890512895 5.007304255942829 4.981675925580767 2.742879604220593 0.23633872481957 -5.396156222983513 -8.807412384782529 -11.079580886639205 -12.249786956873463 -8.782236539419886 -4.368501771319325 -5.656386931191429 -3.6282500141858427 -1.3871466955477578 1.3987097851572987 7.186003218325345 11.716481696246024 14.825187412114765 14.308887443981924 15.370140293598753 14.636006179162292 16.456756442284988 16.788935717052933 15.404385135691971 13.520531377656837 11.942970341862964 10.875182410834665 7.71272857086969 6.543036365317123 5.733747385873009 3.057060927276188 3.161386100717285 3.681184479663579 3.511035144883109 2.619811791351522 0.8410986434295151 -1.8000069068916185 -5.179700507592494 -7.097323168005001 -9.521319159881728 -11.48976291434561 -9.171517651958968 -4.8904912790523305 -3.520640451488822 -1.9930199315790773 -0.7363197029299552 1.9036983789333177 6.624234915918684 11.290890069089203 14.43911828641229 13.171884668911806 10.115357396815781 10.744827979454469 13.93427300519394 14.755454145489702 12.880535867690902 11.022220328810025 9.765391381686253 9.246636233173831 7.856164508527623 6.70811103984163 5.168644800213054 2.7618248371217833 2.5405365364666483 2.56552111017283 2.2002055884239504 1.2975338619479517 -0.18911453022145577 -2.141207801187943 -4.257393958253401 -5.861278476880439 -7.174045680705585 -7.9563294010882855 -6.379048514511399 -4.7720246131014274 -3.056800465053532 -1.443879328877581 -0.10376597708501324 2.7310159656143744 5.896880014546195 8.61234207410979 10.78605690989379 10.715506863580341 8.461806055658537 8.776634619206737 10.493402029847022 11.470533310179782 10.641025522535289 9.757036223979833 8.353420105976168 7.409151628222831 6.14543139169337 5.243061194271872 4.422998519513819 2.432174518060312 1.9955361970258196 1.7041717708630644 1.2649519289406979 0.4240850613722124 -0.7663176990535246 -2.20463910813439 -3.686688019555007 -4.829209589570905 -5.341082749985701 -5.414339369572011 -4.712126503211301 -3.5069710767486564 -2.0582539889814546 -0.646633087130902 0.9028941189975692 2.9063478432767793 5.01807617879173 6.8716735622824725 8.249377014549639 8.89287171500186 8.673438214845108 8.651400913172937 8.853607309590451 8.839362553007236 8.447847189462212 7.885427855663502 6.964874671077463 6.1080171838040025 5.116810526383091 4.273776842007439 3.789731936850976 2.125495469215113 0.9923595259551394 0.5349076719183633 0.18784344575391637 -0.3486129146698032 -0.9736040145381775 -1.6370914672397348 -2.2462645982391978 -2.671983235615829 -2.835076742792913 -2.684147454675941 -2.22498023286195 -1.5277574760464236 -0.665502610042622 0.2619382560028508 1.199077647322963 2.1363658440672983 3.0258183223274795 3.7864853477825116 4.365799057112498 4.7137475796401365 4.84486589742504 4.854306259981268 4.780753919426317 4.624836899693092 4.398488109649006 4.118552980702883 3.788756666843365 3.3872054677178456 2.944368111159612 2.4862420227465676 2.1765205523440456 1.2354109214774174)
(UseCyclicTransform "false")
(UseDirectionCosines "true")
