(BSplineTransformSplineOrder 3)
(CompressResultImage "false")
(DefaultPixelValue 0)
(Direction 1 0 0 1)
(FinalBSplineInterpolationOrder 3)
(FixedImageDimension 2)
(FixedInternalImagePixelType "float")
(GridDirection 1 0 0 1)
(GridIndex 0 0)
(GridOrigin -80.7967256133369 -87.42711656042927)
(GridSize 23 14)
(GridSpacing 60.06532994956845 60.232701504847626)
(HowToCombineTransforms "Compose")
(Index 0 0)
(InitialTransformParameterFileName "")
(MovingImageDimension 2)
(MovingInternalImagePixelType "float")
(NumberOfParameters 644)
(Origin 0 0)
(ResampleInterpolator "FinalBSplineInterpolator")
(Resampler "DefaultResampler")
(ResultImageFormat "nii")
(ResultImagePixelType "unsigned char")
(Size 1159 615)
(Spacing 1 1)
(Transform "RecursiveBSplineTransform")
(TransformParameters 2.143826703312101 0.3729393789874739 -0.6354034272211933 -1.9758279629536715 -3.4771546919814873 -4.907777398100542 -5.90002880118962 -6.614443176352021 -7.221144023664276 -7.534780559487542 -7.335704012554859 -6.768891522331688 -5.941377146069982 -4.629670454101095 -2.620758359705685 -0.3170234731983329 1.8739533909594517 3.4219487612122528 3.7936247712080684 3.358817097747038 2.443359434729724 1.575205167007517 0.6685058807081649 4.342251403688433 2.0885252794082705 0.5872662361633391 -1.2287039073472754 -2.940368311853397 -4.594516932222122 -5.887987767419246 -5.420771862614022 -5.18461118687135 -6.856347414367834 -7.165611080073089 -7.991538016843943 -7.476477423786201 -5.476192409173213 -2.5237318635521273 0.6705632875061533 3.0053768000941767 4.214455725106813 4.063614629607198 2.9775836187968543 1.6024334287077682 0.49364359031663146 -0.3526737378313368 4.958256129696288 2.359042996987862 0.23417162011541015 -1.1449263405219219 -3.0457324713120606 -2.708032921254407 -5.580368441718944 -5.5103822748150915 -2.996812006473054 -5.79472786405136 -6.359681305355083 -6.740657458917652 -5.629171014557371 -5.715502257973878 -2.3879191077297865 1.2694876290927926 3.549167452926982 2.5798224868137107 2.3845238870998804 1.4677269929045056 0.28779695229755087 -0.6110894583628849 -1.0044518373411204 6.015760615367535 2.93257811009807 -0.08047313629549996 1.457965123140381 -1.8911320005250765 -1.3328441771136326 -3.644636981243491 -5.338266727214346 -2.081087386855939 -2.679746790339223 -6.077687788889902 -5.225304328475198 -4.145646293072205 -4.834446457469211 -1.4046092723090653 0.8215630479098385 4.3760641297816605 4.56530008097709 2.351044657062925 -0.02659498432984882 -0.6995366465445957 -2.0558392425233776 -1.8368067061113507 7.062847231586624 5.397365033908871 2.3987869230789034 2.498911962812827 -0.21173075310632855 -1.922357942122496 0.30112063779456694 -4.3936268178894835 -4.374944636924597 0.8730028856242127 -2.1426422852099796 -5.068281938849719 -8.254748479417092 -5.798342010961085 1.738065838374254 1.3090371451018328 3.970015562736864 2.334497165946324 1.7360609969013125 -0.5098172305580853 -2.4601476446099904 -3.2145513574919238 -2.562680069351594 7.604523459822938 6.7729118386395974 4.534109781575386 2.2739406126715935 1.987616122569058 0.07740152501833533 -1.879926512935543 -3.083335763846466 -1.6827471953143582 -2.2871246490078723 -0.1547617666630685 -2.2363870959834284 2.2070837811235617 -1.3956637187050842 2.418328262368928 0.8660010939719799 4.263313560536946 -1.1696470514107493 0.18525442093621186 -1.0097204269139994 -2.0656062909849364 -3.0843040586999493 -2.999471689659203 7.5418100546198445 6.857164725026952 5.496553752545445 4.678478171916181 0.40589332810670326 0.9492664930303948 -2.0362063994969497 -2.2017994266542984 -4.271515532757717 1.9649950659377438 -1.3088355047210067 -4.25652844574398 8.126089899824082 0.6991476212652953 2.2564349098488186 -1.038653538284995 1.9163132072326199 -0.502922083379863 -0.16465681212467698 -2.7125686193870933 -4.666743319392304 -3.661557152174166 -3.1720447193888424 7.215879059123835 7.0643997251403725 5.18768835108407 2.8059617781235624 3.872782747693397 3.8586303796627015 2.239756070915831 1.6882163437272069 -1.2296514485501266 -4.442589465171424 3.4317225261037207 -8.162594140063346 5.619142931075483 0.5073811929546603 1.0883877866429252 1.5353254245999772 1.8008549316825997 -1.6621375333362207 -0.8812826739456345 -0.7364257859482174 -3.9977698324501505 -2.530420823179969 -3.280961454317369 6.824584975990685 7.292368739174396 6.9505691882575835 4.179228577658189 4.229889922785882 2.2205000187687816 -0.4573192258552082 2.1950189007209353 2.2312415240299592 0.3129942335687856 -1.2642308982529924 -3.8692063552824782 1.7466703664022623 3.9479300615016877 1.0733888577530535 0.31282803597775904 0.5962189557519376 0.7121271374141042 -4.691340889344658 -4.668401085246915 -2.3621716305283766 -2.403719957246859 -3.5087688216609445 6.653286553737274 7.5851995028494885 7.940214631375833 6.273304071392467 5.377759591034584 4.535383384239766 4.989414795288026 3.3922609453789088 -1.7871753338653122 0.454417459056136 -2.8803318797322675 -3.727810483164016 0.3516626151200659 6.321172314716443 3.5888185640458143 5.698020684419035 3.093319141110772 2.616484043143901 -1.4228845480742671 -4.28979736455513 -4.086397782655523 -4.225019514843684 -3.9165736262448463 6.774010952727706 7.914099255314905 7.566273744882583 7.5211112567716505 6.508373563114379 6.572795381552466 3.774575101336688 5.257824825839042 1.8314087061868076 -1.6663355833960345 -1.9760105261761336 -2.5949161368373064 -0.15164220856359037 0.5255275705809483 0.02182280483309616 3.1218099548228517 1.486282750946445 -0.7684384060761573 -3.199664099214914 -5.579545198310779 -6.364408507918803 -5.922578852224758 -4.398876437877132 6.8966460411252575 8.214671582082087 9.108871138488231 10.93073808485939 9.244104048021148 7.899307540961117 4.966704682544376 4.501782494595014 3.227046132349381 2.763704098114717 -0.6503009000760839 -0.23727769258491882 1.306497712875217 5.379569262288095 6.455861285683159 1.9503152578365415 1.3757226318166433 0.2969512624294173 -3.194257328503057 -6.773575396165616 -6.783848762044266 -6.154936366233169 -4.4459310483841055 7.048791973929492 8.567831787942945 9.604992274628247 10.52764131080557 10.206447914344675 9.644812578623952 7.731931400944346 5.624039211509338 3.5636646703435884 2.4116411808222384 0.7844068970274755 0.594703458048474 2.1145914932844434 4.266607070180406 4.2552726420510005 2.828967804528505 2.1317989368078107 0.09733126753680647 -2.4394132813921456 -4.563842323596946 -5.358926999254937 -5.532886651240423 -4.224399019539796 5.8935230581897935 7.242244012974084 7.923496352990697 8.508332395499858 8.594475436838854 8.123496072967365 6.9432589410639505 5.429323723134467 3.9595641387953995 2.7647603994668217 2.033776630078529 1.8804430108597425 2.4328265488627547 2.976256708754488 2.7920390826780217 2.1910095395926388 1.4885582338573267 0.6144325310040917 -0.46830632637547953 -1.580790970293037 -2.527073699104967 -3.100239432014926 -2.7636642680859125 1.6113710111260806 1.20601494606071 0.884921899234404 0.5297192014823227 0.2943145562698299 -0.12661090047896678 -0.9859889970352648 -2.184929720026941 -3.5155188456336317 -4.4463923822515925 -4.46084349083785 -3.9226615286750364 -3.253034556380556 -2.6026053033697223 -2.1282704032895636 -1.6720224190966175 -1.0752205469946792 -0.2826302871024605 0.7609903569576919 1.8482450866124134 2.7739917704873176 3.3683343774133725 3.4907283670207194 2.549709437303299 1.992423488075158 1.4612649636420496 1.0674856417717316 1.2728494004326822 0.7007267152412311 0.11467592671165694 -1.7563850872580953 -3.6973779728733844 -3.473656978949831 -4.285431651371144 -4.184659027978763 -3.767608469268784 -2.76235321507504 -2.032743980357211 -1.4414729130282231 -1.18395724668802 -0.3000156624722884 1.5016679582490087 3.4279068737803233 4.910289084586012 5.730400230237972 5.441668260125549 2.739268066937856 1.9807149460114022 -0.4604057479616785 -0.8798439074246336 2.532199758405451 0.2927315220811633 0.3626605183692432 -1.2783971354157062 -4.4319062172309645 -0.37742157995092007 -2.239614094121089 -4.345423875661175 -4.112919695355107 -2.216245429417368 -1.310024766957495 -0.7140389192593924 -2.2750161659933323 -0.3882868607969939 2.7903000281864445 4.258334385151913 5.93106187571896 6.551988562908638 5.979921214407039 3.058543359971599 2.2783804277739153 0.8377737923892821 0.0641999753900361 0.8756622457470061 -2.060249697363467 0.46186634184845216 -3.4450196290719566 -2.4995851550309798 -2.814873511502226 -4.166411464595884 -1.7772935104147785 -1.4626936773099346 -1.3618353726654189 0.560995448102271 1.1356849354593996 -2.0334984940283185 0.7586144107982367 2.343142727313308 3.5322047461534174 7.354052753077974 7.185577442800444 6.428961159976084 3.3442988861429734 3.5632026208909324 6.700942772673297 5.378532891772198 2.119870295824022 0.5264228032051413 0.8481943738998248 -1.4365702060403467 -4.191080091309517 -0.6182014820531984 -2.7385083696379957 -5.687826386038076 -3.2521036311263765 -0.7690050368009081 -0.15319023105075247 1.4294923503180745 -0.5215184347614027 1.0094266547225281 2.455387346492246 4.601522743672439 5.905860406412113 6.885512236356526 6.438390634098797 3.4775722093244936 2.9852917071883294 3.507920732858945 0.24632196788053382 2.4494543897243277 -0.07957918234773095 -1.1349273672776445 0.44631034977021355 0.1375122447836038 -2.0916582565950055 0.08420696824834045 -3.5645110081014924 0.6095685310186342 0.12999129352088484 -1.529114761477205 -2.968148532429443 -1.0987123639927674 1.5493899426807558 2.982355413494529 4.103663062312026 4.2242994842851145 6.142772459382517 6.208510780647884 3.543806845388545 2.817421256485295 1.949023258174717 0.30831189008641463 4.1152365934626385 1.4109153775461811 -0.34734116705795687 2.172343418287727 1.8735988107235175 -0.26718458863868383 -2.179257667215346 0.5015229551430357 4.4934876108463655 -2.1355780538779405 -2.5315709938193627 -0.7678427274107988 -1.1445710938826088 -0.37339918990541776 -0.5681859510634465 3.3201013234896313 3.5285959275221157 4.985754176851423 5.806440497720519 3.8208665018884593 3.396310961867991 2.850254706477235 2.846354973734424 3.1152678611173212 1.5176567350310575 1.0829260198164763 -0.07847000075804447 -1.3991567046323996 4.218016144717231 -2.096343678099343 2.397992206048898 -0.7434917429182297 -2.114404911045635 -2.0594474762230868 -1.0690829583463441 -3.0274774010736145 0.9512243508425001 2.6701563966668123 2.8784016357325912 5.364123296728986 5.96508974359914 5.360968081467822 4.2868346578863346 4.0976935968883605 3.905791905140016 4.2488189711273465 -0.7435435114147025 0.42963312329835074 2.330569768786469 0.11571224420637585 -0.815736251598847 0.7083551371069319 -1.2916643384224258 0.2513569226134558 -8.674225067060673 1.4499140616520243 -0.06298738094265957 -1.6211555122973311 0.8401933167702433 -2.0220753615957525 -0.1664211720126591 4.327720309154989 2.9707799774191286 4.85986249257533 4.860580068229169 4.580167717583973 4.5544480664372715 3.152466582385471 4.125709684554253 3.1184618625439606 2.809383135029195 -0.9428595156486101 0.5647533800884357 2.8770844185996074 -7.361609116310705 0.9862417896912068 0.6162545636839912 -1.5900732536684445 -0.2789575193393548 -4.390842282055969 -2.435752993273563 1.082479731139128 -0.817193401536797 1.6166708491721111 0.641530164710709 1.740303652787673 3.7602081033475896 4.32449687911028 4.648891953267367 4.794532511227329 4.152290087940207 4.6896961708255755 3.062200438726613 1.8744103085523078 0.20885117026713224 -1.180210098027855 -0.5509050136285535 2.1418237119090113 1.0558484350936428 -2.25812598497467 0.8065330460312826 -0.16404236226289104 1.5876035211007855 2.902582471340908 0.7454213910457891 2.128016519843316 2.5520605344697787 1.4297278214076012 2.540985594613254 3.3347727434028975 3.820988710087531 4.63946219578966 5.028337320276305 4.725824649522418 5.169990272997906 3.332914725804794 3.696598388348424 3.521170610734198 1.1226826449936254 0.8620310459580204 -1.4007905264623792 -1.3518062184554194 0.9528998986498475 2.599078359728183 3.4212844811355447 3.8512837693285937 0.4735902172295726 0.0003856807760997065 1.1749874881903946 1.578980581606399 1.654195683954023 2.564839711044816 3.190209625938352 3.448189569286029 4.724163524134527 5.545884036310118 5.586724711818216 5.353083615703662 4.639542158088915 4.089950075979586 2.7727961609304654 1.0321200759587386 0.44368479534614025 -1.0664953734246054 -1.4729764455548966 0.9323527251435464 3.0544147179710044 3.529329005569924 2.56052891316232 2.349978953303334 2.942202766594224 2.751348500943853 2.7641244066023782 2.9209726191738765 3.2754419097011214 3.5004599211295813 3.3148577523125367 3.566339367334228 4.437433570898933 4.522770259324625 4.461746422879074 4.22086356936645 3.601595815436984 2.365664937009524 1.0050939033624848 0.01770316604364582 -0.36591924351285177 0.11195256799488872 1.3167952494786967 2.9458624030016978 4.257567288825824 4.588503405875916 4.418888585150913 4.157526508298036 3.917008772633718 3.8214317692695206 3.7406509356412156 3.510657428902749 3.2482089636164084 2.554584565735843)
(UseCyclicTransform "false")
(UseDirectionCosines "true")
