(BSplineTransformSplineOrder 3)
(CompressResultImage "false")
(DefaultPixelValue 0)
(Direction 1 0 0 1)
(FinalBSplineInterpolationOrder 3)
(FixedImageDimension 2)
(FixedInternalImagePixelType "float")
(GridDirection 1 0 0 1)
(GridIndex 0 0)
(GridOrigin -85.34041725771748 -93.89441500574797)
(GridSize 27 18)
(GridSpacing 60.09108847299547 60.24975229754126)
(HowToCombineTransforms "Compose")
(Index 0 0)
(InitialTransformParameterFileName "")
(MovingImageDimension 2)
(MovingInternalImagePixelType "float")
(NumberOfParameters 972)
(Origin 0 0)
(ResampleInterpolator "FinalBSplineInterpolator")
(Resampler "DefaultResampler")
(ResultImageFormat "nii")
(ResultImagePixelType "unsigned char")
(Size 1391 841)
(Spacing 1 1)
(Transform "RecursiveBSplineTransform")
(TransformParameters -1.6003211966153414 -3.0490158713944213 -3.4934128605903494 -3.8474102019417153 -3.9386297567738 -3.753499531883795 -3.2002958544194 -2.439152651135003 -1.624074337249451 -0.6701299784673989 0.5062858712409376 1.6696321972140915 2.585558741506285 3.2646821171213105 3.717454389677647 4.034392981477795 4.306005981968879 4.595046799638922 4.964237564605766 5.3338699938409215 5.623802446906066 5.739572555059978 5.580810916574034 5.246038811800705 4.7513647694526 4.238568903792777 2.701584289343153 -2.8602432650663703 -5.039782876434711 -5.2829834298783105 -5.370525928578167 -5.29085410593137 -4.997964995425991 -4.0803499890285 -2.807705882784271 -1.3561659074100587 0.33463531403207597 2.0163298358640236 3.383685655531726 4.367771832517092 4.849345286033073 4.6268787762982395 4.0867619200283825 3.615268270974254 3.606929869744841 4.455856244633135 5.719443428140957 6.954466422355667 7.84194761465666 8.053614900180724 7.87381318185481 7.460452694023862 6.919789912730355 4.598223591592186 -3.3077721995596763 -5.506914953999722 -5.4705719283294565 -5.441460040770739 -4.927738468854959 -4.1658576722683245 -3.1831374820459826 -1.6318210207663428 -0.6251619824517971 0.8928137358220678 2.972905824511836 4.469242012479927 5.186866158478134 5.414675338773443 4.669504637798436 3.488361738781336 2.4123409828950786 2.089595635777011 3.1819970710708874 4.968380210083067 6.68338387799475 8.094282180914938 8.565342680854672 8.519101845643657 8.274283999566324 7.848290526311602 5.330258784362433 -3.9185584233531765 -6.449640617556239 -6.373039444895183 -5.446314560650073 -4.94071895404761 -4.087001809029158 -1.5360455261990125 -0.07715335457670411 0.9937271273889734 2.685142254354222 3.401245751140247 4.153798534645649 5.025799920093037 5.572502944230117 4.658795274965461 3.0020718959446735 1.2792252105731232 0.659286503412058 2.011971954773991 4.175460581682137 6.27481394831258 8.40050929683566 9.448339761230828 9.674425919652375 9.639079050260912 9.25488426499136 6.359648695422898 -4.351108153025642 -7.234173846717171 -7.670033216491323 -4.769548905235625 -1.7795070712773 -3.1183861894476457 -0.5186766019111091 0.0077143362120233655 3.547023284211853 6.077326794229741 2.692870661347639 2.5748223746678254 3.222835484970753 4.682921781355361 4.702962570808051 2.7564488936666365 0.3733365247545742 -2.1159707800422334 0.38258772619739057 4.625055746351631 7.906783085630239 9.618481115411146 11.46261922330464 11.383082800581338 11.150840279614727 10.635520036403763 7.322195976860211 -4.287661945787835 -6.738683689621707 -7.857454747433822 -6.445621242549449 -4.749103906393179 -1.243114242731028 -1.7243350605087862 6.933132796591544 0.3933297835739072 0.09399869510712267 2.6332134258398794 3.5463512387132967 6.223199821892086 8.88478288882317 6.124809168481287 2.564499922818388 -0.5675651940793807 -2.6265451146594976 -0.8251364485584468 2.8463837787311155 5.984908257152179 10.483363303004861 12.817833115905762 13.482000256495665 12.80429988680057 11.760714438086701 8.151980679423174 -3.693517452772441 -4.854700542104073 -5.097136924458419 -2.0522702447277457 -1.44884085022709 -1.1163039180385603 4.7930855832356665 5.691246317992182 -9.135725391756566 -1.8394674774913247 1.58086817340847 5.252918305579194 5.262697289742715 8.315350010781195 7.539891858544382 2.9049306898264353 -1.202806397054945 -1.7349448177802214 0.07518309152290635 3.647155003603588 6.43146229655136 10.097883606932713 11.813853514566352 12.898183148821065 12.908029676927509 12.38941464116051 8.735613849524277 -2.8404894947790784 -2.8239038599980275 -1.3319078182273156 4.98549527705122 5.418731482269832 -0.31270502741848577 5.543930704616291 -3.4736364954909784 -2.0023605927704247 1.262123622621611 -0.6544347561375955 3.794474882631576 9.254224599258078 7.27184891839886 4.679816967702345 5.665083000403073 3.5415416139254132 -0.9030007356710926 0.245187572572594 3.542874363657525 7.185522635810961 9.514946809791448 11.513254522836037 12.507251313804204 12.878162076556407 12.717320807148734 9.02515047883917 -2.006927683819671 -1.0110049465310158 0.6338436196712454 -0.05777847555551282 1.8348242860352273 10.162049116482175 6.112831860177403 -3.1806817167726216 -3.3544930457706355 -0.6024675607814585 -1.6793324901996076 2.9068741305250714 2.444962147610538 -0.9383242927881015 2.55924580055769 8.994825606920301 13.979000546118321 12.26529582245079 9.635104218053325 3.4827806745604115 6.2177470116188465 8.121017777629314 11.412717750166555 12.345125596420807 12.823045997335909 12.629871670406589 8.966374573897063 -1.7261130127232256 -0.6981391193879094 0.2986081544405154 -0.9505437459554208 0.987355505674624 3.679738971225146 1.9240690001333491 -3.0509580673653574 -3.4853397661646683 -4.209700764068162 -7.039939843707804 2.81266994512546 -9.931330941181873 -3.7526737184661902 3.9495530525913827 6.499478037452246 8.782226265986292 7.349392842081327 1.9201790133289534 1.6514094137413393 7.639992248203013 8.090751937621633 11.251613700524448 12.814496512613506 12.716519374593817 12.17935137733464 8.505397956949588 -1.9799291915405908 -1.8366976314065593 -1.774541651185187 -1.606749736699342 2.8039088449990572 5.103389773020498 8.338456788202192 -2.3074905188044394 -10.160158745556783 -2.6843919202746904 -10.105901950035003 -4.810695492561913 -6.930374095087996 -2.8033038718842658 2.283141712658511 9.709934771261853 4.88444754986327 -2.8904541993484556 3.2829371561932175 -0.931540906882845 5.112091790487307 9.92593115581587 12.152516677253082 13.320118642628948 11.84503298381353 11.136794302224777 7.643912164435973 -2.18216438793938 -2.513307090183205 -2.1355257713925577 -1.4731516635441855 2.3930140486900333 3.9053171182255433 7.350898139060494 3.323776627085586 -6.9751949537626015 -1.2342769858529257 -4.487822223402965 -4.738259708214502 0.9218285392835767 -3.38482705929414 -0.6709192130158635 7.027726082101552 -3.043918628259715 -5.46204375769776 -0.8362086593813678 -1.4623921682666627 0.6880607327244466 7.726305893137335 8.394190633488863 11.252951819407198 10.3932446948409 9.07552538951042 6.422999095129962 -2.073836948579763 -2.387422828644863 -1.5408148198056029 -0.11270544061864164 4.521015121990738 4.486799194108652 4.652177584182739 10.588915369946628 0.24900258150125856 -12.361443510869234 -5.209822467499183 -2.7639415057175225 -2.5192887893479488 -2.1421722536073826 -2.415184390923136 -3.716967061894496 -7.182406652369128 -6.751617832701984 -4.973214410161682 0.6595721534531469 2.8745698742672103 1.949624219842171 3.5402650268238793 4.328212819352544 5.160264381067623 6.0226561330982555 4.950350794905156 -1.5361884268688746 -1.6859299037568645 -0.04060545399592378 1.534472514485891 3.7616141167420563 5.783735407409187 6.212720320759435 6.030465682514302 2.014146051328665 -3.903482904310265 0.6934235506625664 1.9704763830494891 -1.6003038097928743 -3.5670639734008143 -5.457214186618176 -7.262517037888319 -10.034986157727207 -10.708264699178269 -4.942412484645129 -4.270756081532996 -1.4925027673921851 0.0898568666321676 1.8768026753643798 -1.3842991148301032 -0.36457708323988897 2.9229838244966606 3.4272127156812218 -0.630179370251391 -0.48691495114608485 0.8314044802833301 2.0504429566833315 4.155577502530235 5.725089402008341 7.773872166358148 5.533241001541744 2.214384358304536 -1.176388508752269 -1.1059670401951252 -0.8449941304776831 -2.3910024717226577 -4.832540759254688 -6.978199502154215 -8.72773137179644 -10.487798811276438 -9.923195958243548 -9.764348902345295 -11.191374532794706 -7.723096782171264 -6.155727092747639 -7.398081494820325 -6.380543408515543 -2.501428304268776 0.2765144637853761 1.9869327884174923 0.38399859002442843 0.8175655480807369 1.8800108143012504 3.207589520948684 5.3985989742008025 6.561467818651963 6.389275599501316 4.974684115206969 2.2841164436505967 -0.010760924108950468 -1.0266215497904068 -1.8690397425960081 -3.5160765978545934 -5.522547823815577 -7.443069008675469 -9.143411793115062 -10.489004378085939 -11.461216564772345 -12.568062197945801 -13.05772976651322 -11.660857526002555 -11.036124774923888 -10.887967442045037 -8.145304208827223 -4.5933915475415485 -2.0010624585874757 0.6484814636812153 1.205718875343558 1.938719260831246 2.9655942712571304 4.470867204597232 6.065746932813122 6.9041879087893445 6.395020024029439 4.875659494783031 2.9509816380635447 1.0383627288760764 -0.4911198220077391 -1.984606456406771 -3.7851772804436092 -5.744376596299286 -7.713448877839181 -9.522470870142381 -11.001450287112318 -12.200505701894592 -13.169801174854229 -13.554865339307815 -12.995528635845456 -11.840108434021225 -10.351303817120643 -8.32433704680514 -5.638176849271507 -3.33831938766626 -0.3379242398793016 1.8944207939766518 2.681395789968875 3.23233611420248 3.8934774545593136 4.451854728862082 4.683690321173341 4.32247699820814 3.5009637560725424 2.356079700827697 0.9856263160611776 -0.5125112261007791 -2.070685893533818 -3.621255874264594 -5.158968515272485 -6.678571893933152 -8.080543733275821 -9.265362582781163 -10.12149298250937 -10.53732325159711 -10.602115505533572 -10.404410113726579 -9.7757349376095 -8.537852068505133 -7.004822297373507 -5.35405877317537 -3.9739672263377033 -1.349246350904253 2.83907537662936 2.544351237587301 1.8387226557449687 0.759909898443655 -0.5022937691033358 -1.6736240498277635 -2.4688119506405855 -3.0993006967294647 -3.7749646952108753 -4.317528022053534 -4.548568708814262 -4.3127598057102325 -3.45367004311988 -2.1884840183431424 -0.7343905089255635 0.733638834796677 2.04062670203371 2.9881726203285863 3.3778757692187664 3.3358163846215763 2.987986089170783 2.463373282105919 1.8898648548104822 1.34262414645546 0.8816054286838136 0.568661245620151 0.25373493980676215 5.3439482386715484 5.657272057173828 4.6137710681178765 2.923002636336134 0.8840969608932248 -1.3413014388414546 -3.2103067149302 -4.204769465770694 -4.756698053118765 -4.882048154988823 -5.1471700502002795 -5.250479214574491 -4.823951995908877 -3.630652787025887 -1.3794218793271404 1.2153991654640632 3.439419285712477 4.948049172907288 5.396783301899004 5.063987939874822 4.227447612163644 3.2223832609226095 2.3855850895897754 1.6023628683474822 0.7490647810459159 0.1150991135538223 -0.1366955470936661 6.467073613836057 7.271349063320571 6.133595357950606 4.085079742357745 1.861545634849143 -1.5483086691039072 -3.9153019793103105 -3.7802356541908866 -3.895707802889311 -3.1152523274954054 -4.083243869521575 -4.893888471430158 -5.18839210437188 -4.579427090822828 -2.094708714407019 1.0494200293253584 3.632643378219434 5.272679045812114 5.607791031764202 5.050764020724821 4.030159028781945 2.9454567361382833 2.2172646031241334 1.5137988567210918 0.5158078245745058 -0.2869866015313952 -0.4310204133386529 7.8838652226614006 9.368063207340086 8.209034375041961 5.9998933349449315 4.339274753437644 1.986382134464639 -1.2523006353784267 -3.0534630299793384 -6.540891443032712 -5.3293017645078224 -4.385474246697769 -5.826108111763848 -7.153562346550486 -6.831918393604954 -3.5780262164679524 0.6550397175439615 3.8263528532430056 5.779915027454496 5.064423264862351 3.620532679834941 3.5675724541134866 1.902377279461676 1.9173713298640602 1.3364342236033562 0.07584677899435215 -0.8267668198955546 -0.7427113764906845 8.985662990462465 11.125351555035843 9.951952778514167 7.917664591400008 3.0671784995958666 0.7364684561358493 -0.9256410980397605 -4.9581926979025885 -8.620075898045345 -8.647452948572075 -3.5241454652918778 -7.281699558815242 -10.20980094868965 -8.094114655090356 -5.362050608372193 -0.06682354396047498 3.5949235486890205 5.357325803636536 5.348457903210927 2.5560164212677807 3.1650122810532406 0.2466093455915802 -0.17795765232503516 0.9240559570896533 -0.3927533855276462 -1.263931336997631 -0.8882939851066775 9.526350462109585 12.145634310545145 11.094593048660986 10.3545807883753 5.791190063208044 1.1171306814027584 -1.3320886276959216 -2.9367385622999094 -3.265769367239616 -7.896552758307204 -5.521045909826802 -8.532851122744438 -9.654719486833788 -6.544651248584964 -6.144694336806381 -1.0932027627424472 3.405717412800464 5.598566560152961 4.467359936229648 1.4791238961943733 2.4240365540550597 2.072890485188736 -0.026792692732414698 -0.3580554901127141 -1.1198651335498546 -1.1994072363123192 -0.6726783165527707 9.330160573213583 12.083092444015412 11.173959428917001 8.842059327453667 8.418191182381234 -0.9836951298532283 1.001796653048702 0.2659466781003033 -5.0717652859551645 -7.298352936983159 -6.156518861476136 -2.6998774613281094 -6.217067305483768 -7.7475193582679704 -6.633763156117553 -2.38704614903588 3.0758038414343942 6.675637347773443 3.1944340428149367 -0.7915796778870356 -0.5939130988256672 1.3639161634179606 0.9733455979414203 0.38815008416016056 -0.15349950946993046 -0.40339559022899935 -0.08958021373678889 8.357131979666104 10.322925410564894 9.6891064822886 6.4565515201605 4.685412126688463 -0.28228991810674153 2.815356685638197 0.4030899899573782 -5.786354808039575 -3.783767726146877 -1.60786015330519 -1.6123936944164832 -0.903556427414703 -9.718907588369062 -9.487657180402511 -3.475936103162969 -0.2789834834192994 7.963828878763745 5.814451149183577 1.6496880145655688 0.5036308496926367 1.4400451914002677 1.2265347971460248 1.2469688748974523 1.0119420894038276 0.6433255756651265 0.6529427681259249 6.838902993836105 7.215395685986742 6.109549406312546 4.0161051099927745 4.127283355564618 -3.0656198610900893 1.1342240323932937 -1.764790398034945 -7.787525970839621 -10.559878321282385 -5.139190674000375 -2.8537122349249007 -2.0157692201185173 -13.736615677628611 -9.930432735973994 -3.5404727430265397 -2.1223302498458443 1.0400451548334004 0.6386539201297385 0.697650238387177 2.9875004940286805 3.6281400795144165 2.4132374827164336 2.8251295998410066 2.351672850052818 1.7632129493899884 1.431902008246784 5.399310404457978 4.341841047941106 3.198616294586592 1.4649128498915425 5.0124120360441795 2.584402235944116 -1.333067024841831 -5.935586733853366 -2.472531915531531 -2.779212782667243 -3.4481098416661697 -3.275044417980273 -10.281201425578773 -11.356208359644556 -6.615750188632594 -1.1496964434977524 -0.6816171726825356 -2.3085964354714683 0.90518735859224 2.458197831945553 0.3299332952868932 2.414643097729543 2.858422838039253 3.599075799130002 3.0154098399672855 2.6851396184270726 2.134765968902625 4.319853730990361 2.690503566336718 3.0116443306533496 0.5980045313075285 2.7707017599109456 2.8410670055416833 -4.560591462142671 -6.858265973670242 -6.6501008432213915 -6.101325851448792 1.6957823657311808 -4.352231329931648 -9.53054379613789 -6.896744248621589 -2.5863457794694242 2.2405293101898076 -1.2640257214718302 -5.610475861268889 -4.250845616810837 0.10671430835229614 -2.190168816394536 1.029413049534105 1.3890284651146458 2.8590906570664796 3.6039861467633334 3.4120858182098774 2.7177889340710206 3.695985405627399 2.3236470261582345 1.796162775705821 0.09029766172721927 1.1325556687344223 6.854048048453845 2.3263447340196857 -5.4396115079082445 -5.3326958036195355 -1.623879070227684 -2.2921106844734576 -3.9836513329865464 -1.783629858567676 0.7744855800519652 -0.41826949590269463 0.9227546129033949 -2.094467298658118 -2.461223910992465 3.280138004879806 0.7551530587453831 0.06395463264482076 3.148177451596539 2.6490870611997823 4.427106553050748 5.955863257587971 4.514963376937933 3.240804530141123 3.404492406675884 2.8127725443490923 2.6869859512105174 0.7291962715245047 -0.6544989970006305 5.062417895416158 2.3975142246509185 -3.6896150232368137 -3.6161388026827734 -0.4211313673202196 -0.1893068068654698 -1.6149006953159237 -0.24802073073194877 -1.9361371859577858 -1.4514380199884338 -1.815922460848392 -3.5864371311350025 -5.4690815600708165 -2.2464938764448 1.428327492179171 -0.8425345945752708 1.8088547247492 1.5916000582456546 6.471049862300959 7.538633384006362 5.581169693363575 3.658216415825948 2.969099655557218 2.8954463232802836 2.6475217933776705 2.2174595417413716 0.8182305613218701 0.9811660331390618 -0.324068578890359 1.00122904610583 1.100746691002661 0.07211927340566493 -1.9964597331476364 -2.232781378518896 -1.0761933444302345 -0.3607610210092917 -0.5320786496452679 -0.648139632884549 -1.6897820472236083 -2.6071122218307123 -0.7765092184755795 3.898822333028713 0.46079269043974985 3.8803988585429035 3.753856928158861 7.519033289483108 8.159684870377133 5.979117844999415 3.7999529451703657 2.3204124456738326 2.3245423804055214 1.419114575043562 0.4700014590671927 -0.7125800824574647 -0.5699156951570211 -5.349602441893054 -2.468451149778606 -0.5406048363289313 -0.846899428568635 -2.2948458255745936 -2.34999348519576 -0.8534648122390349 0.22167927946417199 0.14820553423931912 -0.17390914528537105 -0.18124065687664548 -0.5283763782142816 6.123117863606369 7.269136051817145 -1.0354394743262927 0.42559125459013497 3.9041656998486425 6.662204161111034 7.16905121309542 5.586739889394848 3.665932667192939 1.6963572273180778 1.641485145815596 0.9703396059359716 0.11917115824386351 -1.478520145791843 -2.480776943920679 -2.6704411947656017 -2.0299774002519633 -1.1514900928897351 -0.4565232248679524 -0.9506497295917234 -1.4336558251972675 -0.664443603555345 0.37615278166169863 0.7123602638274039 0.9045630649997108 1.4952058967916761 2.36189021745277 4.5150218894885485 5.409406985136162 2.866926480679152 1.3853331500234913 3.48981622442069 5.000985888096697 5.405853211303158 4.731119459407563 3.348725931108526 1.2905719923724857 1.1126153797119407 0.7812444661827684 0.13839181748000995 -1.2044608082412191 -2.3430074954454994 -2.452656366139823 -1.6948770794294457 -0.7516168607561965 -0.04408968868387297 -0.15214502606862654 -0.3624609857995645 0.04071497977378836 0.6583625909428101 1.0914914353286487 1.5479880543825102 2.2354870508888554 3.037227765303072 3.834418378134741 3.9965169508217513 2.8817987598052337 1.9609184326871698 2.654682139466915 3.727457380478168 4.134742748274404 4.054975412722501 3.0699455146079955 0.5393189177519405 0.3049551211518789 0.13518463222900323 -0.09079877824544363 -0.33492238282711506 -0.48301900879384124 -0.4144699077903641 -0.15992014170312338 0.2481559607184617 0.6366321804176225 0.8325855698969385 0.9056878757210131 0.925628098837119 1.0534644965701747 1.4502416835136076 1.9695379529129233 2.4649274235308773 2.7895040990380378 2.7963868748286105 2.620582793004641 2.396868006168563 2.248433311339911 2.2962503580362266 2.456258635234438 2.612362979530497 2.67731602016761 2.117913067621075)
(UseCyclicTransform "false")
(UseDirectionCosines "true")
