(BSplineTransformSplineOrder 3)
(CompressResultImage "false")
(DefaultPixelValue 0)
(Direction 1 0 0 1)
(FinalBSplineInterpolationOrder 3)
(FixedImageDimension 2)
(FixedInternalImagePixelType "float")
(GridDirection 1 0 0 1)
(GridIndex 0 0)
(GridOrigin -87.83270538933026 -74.16025602356115)
(GridSize 11 12)
(GridSpacing 60.06681959228119 60.04514629554706)
(HowToCombineTransforms "Compose")
(Index 0 0)
(InitialTransformParameterFileName "")
(MovingImageDimension 2)
(MovingInternalImagePixelType "float")
(NumberOfParameters 264)
(Origin 0 0)
(ResampleInterpolator "FinalBSplineInterpolator")
(Resampler "DefaultResampler")
(ResultImageFormat "nii")
(ResultImagePixelType "unsigned char")
(Size 426 518)
(Spacing 1 1)
(Transform "RecursiveBSplineTransform")
(TransformParameters 0.7026082181195188 -1.1414080634854242 -1.4870158153083723 -1.116131360435481 0.5976662710355066 2.0481251882175844 1.7344058045143138 1.008133947531339 1.3254982658153178 2.0434125720766985 3.880529665854874 2.7382882257864085 0.7755970900326121 -0.011497500837231006 0.021445248801475955 1.662760442296022 2.7957677078432455 1.4249523866183504 1.2684731127194753 3.375372187280688 5.630158892394524 6.6095328968058515 3.583032832175387 1.811876599278205 0.7667621445107183 0.6555370380489325 -1.8719663458353446 2.1301297920583484 0.9263484427858588 -2.623075236620082 3.9975892299157096 7.588643242214156 7.678005747022026 4.45109819251818 3.0701628097367872 1.7998231443025705 0.8455911057452118 -1.4656813112714693 -0.09711853318883837 -3.0783919878670534 1.9601652969289107 7.836159317698319 6.287319718976101 7.558944335369434 4.877121425542769 3.5520082127459283 1.9686823851047675 -1.1947220908679754 -0.05476585626741727 -1.1563789817492653 0.5511689491112743 0.2869603217712366 3.560303608855602 3.2034049932358095 5.878070376585251 4.875869616250595 3.572415362568772 0.14244856865464256 0.93327147724328 -1.2823549029978476 0.692506003917413 1.2577024792586755 -1.218631186645296 -0.9454747102057947 2.149598650581496 4.3212694695805425 4.400729604863462 3.094295156467745 0.7071073829819093 1.2422104342914069 0.0285345485186466 0.6520803245001009 -1.4576907942976687 2.567246935523659 0.19751336154752333 0.6193620175316296 3.3069148611930497 3.3849165845078475 1.598432971901984 0.6538920847176807 -1.7670465132534987 -4.867069351199904 -0.3593124347455415 -0.7393315156627733 -2.4148800931372 -0.593374044702121 0.009778158515307993 2.496382460475035 2.2083941604298936 -0.03704692210688903 -3.535605990518936 -2.6251420925687166 -5.086231296160136 -0.1573884272417676 -1.6144317915649025 1.2610467609062919 -0.20396116939336523 -0.0675880223866805 1.8587869917779285 1.9851668212878868 0.09117409308109001 -0.945480371271381 2.5230655135986604 -1.550851948987254 -0.3006826147091014 -1.329059474243795 -0.4814408210957013 -0.03972921181680124 -0.0797005560000302 1.4771316283016573 2.6679110841178506 2.2286342243473984 3.7430962110585866 5.1316094791332345 1.709866801050461 -0.41928274882990285 -0.4522373645553392 -0.7996287647005347 -0.5347601878735457 -0.18744611317148668 1.3901591461834293 2.9084309999184197 3.4940967190241294 4.542983087153242 5.0072562296964485 3.522725799841184 1.460213347755886 0.19931932292230048 -0.48747239104129997 -0.5469467618047429 -0.23091141718977445 0.7339294751828069 7.022446258471824 8.781423460064191 9.732695174735014 9.68036464515087 7.15642791089836 3.4812244697700545 -0.1197080213431602 -2.0829317547327517 -0.8175669449633954 1.2458962828259648 2.18807199750483 4.81650381275728 5.107924503949011 6.258737751379924 6.673465877171323 4.491737033921477 -0.03668756356481029 -1.7522660795904554 -4.143837980818801 -2.8104322322400663 -0.3884927005171637 1.993987557908309 3.4172775071253816 2.09472909318539 2.1868948485164976 0.6496705037455512 5.974599142574089 0.8241140271159214 -4.761084625242583 -2.916232634089989 -0.6082755193070836 -0.280350081972473 1.632712021345948 2.1224977763708615 0.15960674327113755 0.03877474914613447 -4.078707758925416 -1.8940023090070266 0.973057398309148 0.45878971872141183 4.7353405792604715 0.3717802632538664 0.901246546568693 1.8166470139087971 1.511675229352724 -0.10083882650757987 1.4595397469033544 3.0761945515000266 1.4417932003310296 -1.6994845527036544 -1.6770803719852452 -0.20881831636635328 -3.449604077374103 2.0087898195814073 2.670115415457474 1.4198405608591655 -0.08177306839808778 3.093853296669709 -3.6095318665804923 0.7901344598535665 -0.3337850425654149 0.4578396307603722 -1.340461738807708 5.183732080290192 3.858395802481531 3.9162990313095873 1.8498702974566712 -0.18077698248637328 -3.6607957652670047 1.2912221049313422 -4.473867883854794 -1.5213362206098306 -3.7261005662605826 0.06187145592599316 5.890691343854931 5.837823865671591 5.000502549421101 2.7596783779003653 1.2982830258047695 -1.6016463838427188 -1.9789626954644173 -3.3303223632882037 5.0651056527364595 3.992663230928688 -0.968446350008498 2.7654208363294353 5.0218558812252985 4.576696644813316 4.04720531058173 3.12960377707271 2.538970934208203 5.008182654423815 3.702553458456948 -1.8072863662292387 -0.21321912732925788 0.09004138541238774 -0.07506038545184446 1.6622715291310066 2.8783761100652017 5.715952349949814 4.876305814113079 4.196617129094142 3.0072851869902495 1.8639575146138048 0.30804102689420876 1.132265678803681 -0.10440763276511307 1.4610143725446483 0.30117305410203926 1.9474194698325857 7.1979551371384 5.519432585623891 2.739068500114536 -0.8697736089935706 -1.0014675639627024 -2.4547569379161835 -0.4644729652603771 2.906348802370001 2.318205597051712 1.3621017999717533 2.1299476249766043 9.407986943486579 8.379118374354272 5.59373981630955 2.1257975667089837 -0.39940091485602885 -1.4341416671670786 -0.01481161313210515 1.948401657303256 2.523752967423168 2.45419951751628 2.1275087636946033)
(UseCyclicTransform "false")
(UseDirectionCosines "true")
