(BSplineTransformSplineOrder 3)
(CompressResultImage "false")
(DefaultPixelValue 0)
(Direction 1 0 0 1)
(FinalBSplineInterpolationOrder 3)
(FixedImageDimension 2)
(FixedInternalImagePixelType "float")
(GridDirection 1 0 0 1)
(GridIndex 0 0)
(GridOrigin -90.378976554266 -64.1532524414447)
(GridSize 29 16)
(GridSpacing 60.00788372600197 60.029619821014556)
(HowToCombineTransforms "Compose")
(Index 0 0)
(InitialTransformParameterFileName "")
(MovingImageDimension 2)
(MovingInternalImagePixelType "float")
(NumberOfParameters 928)
(Origin 0 0)
(ResampleInterpolator "FinalBSplineInterpolator")
(Resampler "DefaultResampler")
(ResultImageFormat "nii")
(ResultImagePixelType "unsigned char")
(Size 1505 777)
(Spacing 1 1)
(Transform "RecursiveBSplineTransform")
(TransformParameters 5.625042789536423 7.290095612419938 7.677290734692077 8.033390869627125 8.35707728069371 8.559474339191114 8.454050483263913 7.909788876532577 6.867648094791843 5.79152574868735 5.046347528855114 4.434041823821553 3.863773078986911 3.437067257747089 3.2334420072150976 2.9908697467765037 2.348662634241088 1.9517602680341362 2.1774880655102518 2.44529047731525 2.1700813890887263 1.601658530133784 1.2100757891578373 0.8416256745030569 0.27494812595966966 -0.23645194799132652 -0.5014835087143162 -0.6348504660362219 -1.0421318539285664 7.417842205311388 10.023794472286115 10.571979497011618 10.598759907150587 9.958003727998408 9.484539508189481 10.580866313158204 10.38142462554031 7.503527900174243 5.4234231385337015 4.552184926030869 3.9838241455777816 3.1343949087441003 2.529588863940946 2.2996827044341983 2.9975342969250787 1.856063604034888 1.4879935365954502 1.6870389288785748 2.4173542205866014 3.255572879533606 1.3017456186994447 0.6171261813932672 -0.18212695222179423 -1.1682648505454403 -1.9140511328787964 -2.099059522186157 -2.3643052991385605 -2.4201228483252106 7.620072802701311 10.455575705679433 11.001899491304892 10.702350151554262 8.621152372665582 5.957822186036489 9.682885530217828 10.94663096868847 6.349784099808745 3.7804287974682462 3.8845053533426475 4.50534136789449 3.4167862488204643 1.82112092458098 2.644001315223044 4.434055488581919 1.8192578438455052 1.9789248962719332 0.3839585292180523 1.3980805738421491 6.480415252581939 -0.6647559783688868 0.6076375737493822 1.2317290105520065 -1.1144833981374307 -2.732728744466138 -2.391778093252382 -3.157162130235951 -2.9597618562231203 7.738685200167093 10.943039197702412 12.003240884321663 12.09132036972228 8.816924312505838 4.195799285304994 7.417227512688029 7.564425148147654 4.729196268379768 2.0486152007651355 3.5209418006723583 1.8147821893138698 -1.2491908459416283 -1.5427340290962845 -0.2433158939331544 -2.0170693874914414 1.8727836559392923 6.475196428171021 -0.9205123698285548 -1.2865321271956358 6.567824636930113 3.4030485007056517 -0.31012444720781923 1.1595902792985633 -1.584803506075179 -2.664792645309296 -2.8461484008867433 -3.9140825575692286 -3.523634904228148 7.456414546384618 10.890640899939141 12.853995608328663 13.79981814485909 12.659245030078628 9.810113385707872 6.256907011162838 7.6021348593223195 5.310941874564412 1.381046361185167 5.807950376261181 1.0823044859264277 -3.077909944479205 -1.874001286586276 0.10607494361209402 -2.787676195135881 2.862027496779509 12.924775410992828 11.470579005416939 1.987292862098651 4.6992966798397475 3.814179344948276 1.8747847502568258 -2.542880301010579 -0.5266323972218273 -2.6716035668074536 -3.227812178355941 -3.966946024650051 -3.780028687923018 6.809652865685011 9.502532608976919 11.288798493035044 12.687022011761577 13.309132365049466 14.067473740002928 1.0147234231292286 3.806958533406807 1.6169713238760017 -0.3972146332644121 -6.986569963055614 -1.467463990216749 1.733958405293214 3.120609626814269 -1.030423129211546 -8.008978515818736 -1.8922873669487668 9.74199621183638 9.37445208892232 3.6746090900523534 4.580075989684183 9.82434303107106 2.1066121251999075 -2.002023390425216 2.9194984053391284 -0.8927413618855893 -2.8531282315674935 -3.6005309924195963 -3.6362021147251538 5.871104075619526 7.114648892636314 7.892503399004232 8.28438763200035 8.988369184393402 8.647388437352076 7.143090347833243 -0.3243071240836795 -6.025794471290646 1.4554444778157234 -2.7193129817253583 -1.8697290142720666 3.679838634050473 1.0409200846842266 -1.111816534480172 -12.608800608254272 -5.988763851859426 1.5795358886146877 10.209719178418833 5.2275160535182525 -1.4106469499342091 -4.5011523298663665 1.0017181826187989 3.091668082479419 1.7022655236132707 0.9000579165487459 -1.1191933929611677 -2.672276658829852 -3.1725216246928207 4.911526479195157 4.61015960858983 3.9710468481735166 2.5402489552830554 3.2306041068921565 6.757202844049243 -3.5519326621305636 1.6378586267262987 -4.179746985631738 -7.6865736489806205 -5.616636470041596 -4.915604683081577 -2.4703645012767868 0.8947450020559564 2.150946805448963 -5.205925549493204 0.4301614533486155 0.3383142519560335 -0.02315884064503742 0.8884706167608025 -7.153855020660342 -10.817678054861597 -2.938132916567007 4.678844042804567 0.4060722690404504 -0.5122551999781421 -1.7846118631670251 -2.4177383491758775 -2.803919871768389 4.051316586851097 2.9683777017659763 0.6665941115184127 0.15023177051312847 2.04406633622437 1.0558810783548844 -5.643641566811371 3.0541039223878275 -0.3608688751548544 -6.52316003884927 -10.940921530021459 -6.177078023094985 4.389105839219189 5.1569909124157896 -17.057604065557264 -5.661400955051648 4.497174369221223 5.834763868709927 3.3886479691926232 -3.702347993681129 -1.3652423374531666 -3.4492823250961657 0.5265990987334853 0.4892309127166642 -1.453597578483771 -2.183706899078705 -2.6093777147532107 -2.7014779543186536 -2.654039878710734 3.3281940463390716 1.831484243462807 0.9225799429952548 3.4904893961689054 3.0254890964964942 1.2764057671083553 -5.050184175862226 -2.580692237826114 0.8326081612693781 -4.549974446046366 -4.350532290351044 -9.599796156371378 -8.522235607574597 -5.41854298221592 -14.157028486733411 -0.609332434757706 16.804549110185388 18.796943959169816 11.297723981024056 2.652331839368215 1.6453478587281845 2.1073277921192393 -5.097650963546205 -4.665910236909933 -3.5244962498497894 -3.592942833255164 -3.5316827740971544 -3.194648449252235 -2.639073623338425 2.7198982987316724 1.0808328573351396 0.13900230274329475 -0.7520024022866165 -1.5403008653401773 0.09388789594681515 -5.959644009058443 -11.596613273352009 -10.027917545082195 -6.031099726868642 -12.293682838729689 -20.517723415868225 -19.901440000903065 -6.068538952980408 -0.7313657828757214 3.7121323097354524 13.319970774391946 18.656088127217306 11.99866882893022 2.0095554218447447 -0.9033899404747912 0.719600668738088 -4.738521621288044 -4.407765793157259 -4.2978917096825535 -4.244959405472123 -4.217794509552027 -3.653473034563328 -2.6936903360944155 2.0396389547624754 0.22389365333953035 0.1287320868322611 -0.35627065052444606 0.06290878441991483 -2.8651848625226575 -9.203761483029785 -13.553614671606649 -19.748105816449623 -3.239810759848653 -5.117556703907396 -12.196369987473132 -19.580782806203718 -10.670399441740415 -3.46540337899254 4.887641409293366 12.601145800268283 13.695995547042797 9.369789699431996 5.635172365408798 5.188950497050256 0.3666742574530843 -3.0748281046704182 -3.835115850665163 -4.656421322176697 -4.828794884434949 -4.404828178571178 -3.8184979640992625 -2.6935190865037164 1.2595130509094699 -1.1811168582022156 -1.2634892100731667 -2.539937633710909 -5.722121211452086 -8.087647281975004 -10.600649075263473 -15.24993162881735 -22.300950852734076 -2.470678387233935 -1.7833187091527523 -12.603860445614233 -16.200378659857414 -14.526053935662107 -6.512156865247236 2.191172550804485 8.534932044288576 10.58274845090273 13.039557275639778 5.8061683411661 -1.4292845522250734 -2.4950056900698208 -3.16048169703291 -3.633732264089232 -4.5319098228723025 -5.223561274526485 -4.44731834207754 -3.7684273942864484 -2.604468676510706 0.44190511812298217 -2.6425139640926005 -3.993920906943371 -5.940036979863278 -7.797503078775587 -9.664067603403725 -9.26152646971834 -13.208354836027095 -15.192538618566747 -7.963827918747276 -11.121122228362594 -15.594157361584447 -13.121645680414986 -13.382376975399957 -7.754353631957761 -0.19627385420470017 6.33816517176354 8.53110437080794 9.527557975307717 -1.4704169388381865 -8.045470484672057 -3.5215659771577315 -3.017259814772687 -3.218612546754908 -4.003071409576009 -4.476852707488018 -3.9833622573095724 -3.4464839011259207 -2.4147591138145144 -0.1740405405546829 -3.668295686939174 -5.340991661140733 -6.884438845863738 -7.8440511735442024 -9.256557537196711 -10.971765733788727 -12.989161927210017 -11.93419615676667 -10.851740127287293 -11.671729810042864 -13.239587595430812 -13.04231213783731 -12.022036981899538 -7.848746563963468 -2.254915488825295 2.645753493847966 5.279969345959317 4.135783260263413 -0.1090555212968392 -3.756628893370066 -2.8731674725880803 -2.660663879717301 -3.040200682501056 -3.4697273356101026 -3.668966088359507 -3.4511027530247897 -3.0947954780217253 -2.2504298384552284 -1.2929490333937008 -4.358697739384465 -5.670588876678961 -7.038981052754442 -8.02543799357314 -8.847480990093622 -9.504403497548568 -10.117678969563366 -10.81103067816471 -11.539578618823992 -11.984295754281101 -11.897530860988347 -11.00000184765906 -9.463386950234066 -7.402855065036475 -5.231167410948832 -3.3837826937650837 -2.1714385724850653 -2.002068709611338 -2.274739684676121 -2.432593691015315 -2.353070402656885 -2.203144413633787 -2.109197700228052 -2.1035037117193407 -2.103664728269174 -2.0053979763785748 -1.875830345026662 -1.5123752112280682 -3.0988686637693115 -6.30600467668385 -7.511819651826632 -8.756841520542737 -9.697605458449567 -9.966602177164791 -9.033120237895076 -7.404850837806199 -5.843290069489929 -4.229735129582934 -2.50793691639212 -0.8067652094755745 0.6359949512172125 1.6832115806344181 2.2336050352302057 2.310134153557145 1.9044874109027248 1.2190901918374022 0.6231772682775164 0.2516624593377568 0.049507307674405664 -0.501246358613776 -1.8381089511960897 -3.0843352657205787 -3.295617769769366 -2.9332432698974547 -2.425748272882539 -1.980207069288166 -1.416628699177472 -2.785788602346978 -6.785342189850574 -8.590269294544827 -10.833211209384068 -13.122824946205228 -14.657075657664189 -13.608451107456897 -9.604655644140665 -8.187946068544738 -6.005805418302068 -3.339192244849412 -0.7463411071476135 0.9784324247809244 2.1092949179280573 2.879710827375968 4.290924275652657 5.046420227105048 3.928308876161701 2.589034660772884 2.45615077582649 2.38246344942426 0.09673998033790601 -2.875991934827465 -4.879272193360898 -4.650918096739639 -3.2556473132006527 -2.421744097618454 -1.8535247555889638 -1.4586090278899073 -2.2949804771480933 -6.193094280760914 -8.04039571527352 -10.495060658288786 -13.679744380029975 -17.11643720380079 -12.878874034815082 -9.004653525167837 -9.928090412471848 -6.83020142366646 -3.0823597514793413 0.7177896737215571 0.5269124445573469 1.220230476228249 1.9530846064086087 5.059485469429182 8.024120795057959 4.724685864091509 3.94382819742251 2.986745511465516 1.9163145349758854 0.41433858493637493 -4.507186587903012 -6.703371970002125 -4.912083183095154 -2.851819480119587 -2.020968636135758 -1.3522342497018454 -1.2781728902858736 -1.6929612520850812 -5.236780589013249 -6.8117185463064995 -8.76268574914942 -10.940442769788884 -12.04397592411166 -13.014827175722571 -13.918869369523309 -9.397050636368924 -5.415093002084595 -2.85240908842872 1.9928070706881815 1.638564139271702 1.0893728661240876 2.8379014708123957 3.126482448208685 3.472799597899365 0.14965343881842574 5.774256095137454 7.223115569094421 -0.2554338214139523 -2.525860009686267 -4.622198492245805 -4.83498659407707 -3.6788596146552206 -1.9294942257844867 -0.8080615983766324 -0.9049856984082483 -1.2706327258659287 -1.0938937078713133 -4.078211364095958 -5.2605209759665925 -5.894867184863526 -6.912023770898739 -8.314141078741025 -13.624236559583327 -16.032456929662068 -9.537843286078346 -5.297114911717539 -3.444166249377531 -2.587851442367662 -2.792641469272965 -1.3795197888188262 -2.8222542895148126 -5.122620310954458 1.9719294042505628 1.475612240535108 5.2708283531289775 6.6917848927143835 1.5249749616293358 -1.573727460515703 -1.9285703038650037 -1.6004158873120504 -1.7759102600331365 0.16162815470452488 -0.3155235180994998 -0.9787293070309554 -1.487134047679063 -0.5191921270343405 -2.8965819503539727 -3.5235355829506014 -3.411521995699365 -3.498052331191867 -4.471856604467181 -14.32478625530029 -14.798371594760138 -9.15678905787896 -8.084573877127118 -3.26092135715926 -1.4749980568915402 -2.557730504631223 2.1194250918549007 2.383039522837655 -2.639876309194306 5.071237594975358 -2.8955611304772044 0.10312913622013566 4.566974157494411 8.09628747573335 1.7174301706057542 1.9081197177877205 1.442668312397092 -2.9846803022689983 -0.751363681401945 -1.3875777408512373 -2.0128890867231917 -1.83826154369274 0.02514795311572683 -1.9635019290765685 -2.4795664376442454 -1.8512217559987052 0.12986010289743066 5.919380471451909 1.2060887525161 -11.325636961170433 -9.419382143655154 -3.3964748932373707 -2.155799343814091 1.5325799199966466 -2.9452442747928496 6.833289414637449 4.249985018880212 -1.8625644655278109 0.758096209033791 2.007720920216141 3.756623982435767 5.747268251809779 9.785167584190045 3.7435839233759287 -2.6607209427325493 -1.5028873184098936 -7.321343582851659 -5.993590474518171 -4.532176576633595 -3.47126649212215 -2.267456365926358 0.579470866533356 -1.415689272872321 -2.3245649494291545 -0.8947755553325464 -0.008708870728036607 3.1406620589088567 4.315820658793464 -8.482610081752986 -11.93711014056789 -6.263148388269642 -1.2027218116941987 -11.715976896326582 -14.101189972814886 -1.6391915890736863 -0.023728713696086652 -0.907477080990372 -2.8505948452802077 3.7182934893094446 12.437152083065971 6.946616136184113 2.9875242590758875 0.06506272967181181 -3.506790558064095 -3.12305995099521 -8.209240396721388 -8.357148575676277 -6.528843352736234 -4.553366379001693 -2.7233684374429856 1.164238346638467 -1.0553126803040096 -2.6851951850492237 -0.1179652813705576 -1.435979887071103 -5.224612411869607 -1.1024792271997244 3.5386118392045702 3.0068763772335054 3.9126344794625614 5.930173401322145 2.1380342831294206 -1.8980401167526397 -11.004315439210398 -14.071652106431939 -0.945234411014234 -5.312525876995632 -2.6929647949052584 -2.670010659211596 2.5845450365075786 -0.374317376722504 -0.6047841910240048 0.7456756156627865 -3.436636293002245 -6.189051893541579 -7.733687904074605 -6.735724262937487 -5.1318908697538514 -3.135775138665925 1.8192213517688212 0.8651082090355313 -0.1461661206370038 0.30499093261706545 -2.0820953318319413 -8.409845207181851 -3.55255230066753 8.688937233039034 9.218699109256018 10.890530128355879 12.52203768119087 11.599739403190421 7.241973013135556 -1.0980230910865145 -11.744601374567 -0.8114120687734034 -1.0826259748213685 -2.812877730966762 -0.8164480570060135 5.504839195191089 -8.828203843964351 -1.1188901318814688 -2.4689876477152093 -5.843846359685059 -5.663775967488077 -7.149709140436044 -6.898387677417818 -5.580916214020825 -3.398879064334099 2.5040694760211406 2.6814164088821872 1.8552709184558067 4.412093404577375 5.598890541113658 0.5836562229721916 2.4004268430368536 3.6942870815404563 11.87353801900262 18.163705362048333 23.498358766654974 21.895856339598563 18.128330803620734 17.043785995222525 9.07794072914664 7.743875233555013 8.91805483377372 8.284367932713762 5.493124933788482 1.3764616941408017 -4.598931331302098 -3.352500871805495 -3.149816542836268 -5.260904655812248 -6.163587658324826 -7.059728751916446 -7.064822520672472 -5.854426456213016 -3.472068850564381 3.0868403404084725 3.9144382582543007 2.9844451430021355 1.9241388082643338 0.39418273990751146 2.607808179373883 5.9490759954889745 4.584897228975024 5.104416063893179 19.67933062783593 25.072658168254566 16.783447122828782 26.322355360668876 21.85485381786483 15.281414185006856 11.942586648245372 13.144105759172515 18.804218936925256 10.38576673533713 4.6726937949739185 4.7051353061682875 -2.2159771665746275 -4.744803179918889 -5.778149537357101 -6.866613255190654 -7.2472289828787035 -6.664795270964908 -5.654456000022753 -3.3616797288076707 3.5420449354212886 4.484265677846758 5.639813271748783 7.743782817253911 2.7261779746047816 4.121649409592074 7.87419591240866 8.054724745480907 7.923753645862671 18.968644572570472 16.35675876442394 10.961898452552267 22.142485453156503 18.111373510940666 17.079188806072676 15.65877421395522 16.534844786072565 18.312510364415346 19.118359538067473 19.14843804085314 8.716245095336603 0.13917706001059277 -3.1080830524762852 -5.363479618796414 -6.42574389749385 -6.328869836158943 -5.965281421782029 -5.195482712382412 -3.1065783234539133 3.937600575444811 4.774715567088607 5.719430293442999 8.266495645835551 4.529338055604202 3.7335182562766063 7.425685008890464 11.294718551744404 11.361345552096536 14.795771260598437 16.78542407159133 12.374173096641098 13.6541590865735 16.9948646778525 17.650645584932274 16.955208533589403 18.915013191383284 22.660152618956282 25.70562480740082 21.21470425595289 12.77867315992857 2.569345378871891 -2.018498798656887 -4.270439869714917 -5.206046882714894 -5.29473156186252 -4.981556704369093 -4.356812791083186 -2.7174017223252336 4.266901469104191 5.163427440963732 5.3488353508864455 5.650715289070359 5.267927428670467 7.468416133291782 10.565149982663037 13.35046428579255 14.341862804855962 15.627143904076082 15.199213067886763 14.096317249557956 15.810079243290954 17.274036232128992 16.917287822529442 16.197020171073216 16.79585257055427 18.575857173042234 18.55371489766261 14.093801723117698 9.472487508805775 3.3150176034543053 -0.3623773817832203 -2.651038578708012 -3.789268671019134 -4.203935424884037 -4.004342201298426 -3.56575542064612 -2.39964908152577 4.176215540790131 5.4117521505150865 5.570928087256244 5.84532751401622 6.4625702289910185 7.630075518649505 9.240135706282485 10.843474477573555 12.030234837960332 12.722104876843634 12.803556923552918 12.717906883979028 12.760953131617523 12.699976368356452 12.41535767798943 11.945557387110012 11.326835904567622 10.527812181297492 9.391740495869797 7.820346316234916 5.931536003073245 3.918390933746177 2.1092217497987487 0.6063150467781119 -0.44628244424096536 -1.1030142590591507 -1.3956126978001246 -1.4634974401148273 -1.3444732641267734)
(UseCyclicTransform "false")
(UseDirectionCosines "true")
