(BSplineTransformSplineOrder 3)
(CompressResultImage "false")
(DefaultPixelValue 0)
(Direction 1 0 0 1)
(FinalBSplineInterpolationOrder 3)
(FixedImageDimension 2)
(FixedInternalImagePixelType "float")
(GridDirection 1 0 0 1)
(GridIndex 0 0)
(GridOrigin -82.77491612519233 -74.3635461478573)
(GridSize 25 19)
(GridSpacing 60.0156676119616 60.029012977561244)
(HowToCombineTransforms "Compose")
(Index 0 0)
(InitialTransformParameterFileName "")
(MovingImageDimension 2)
(MovingInternalImagePixelType "float")
(NumberOfParameters 950)
(Origin 0 0)
(ResampleInterpolator "FinalBSplineInterpolator")
(Resampler "DefaultResampler")
(ResultImageFormat "nii")
(ResultImagePixelType "unsigned char")
(Size 1276 938)
(Spacing 1 1)
(Transform "RecursiveBSplineTransform")
(TransformParameters 1.3800247726861907 1.6342430913606307 1.3874437481460933 1.1201211366755017 1.0806950741859236 1.1620998436907117 1.2547679113571555 1.3396210914461288 1.3646347441930922 1.5814033490273145 2.194529533970451 2.7826231354244686 2.9273207234977523 2.534558943528113 1.510325288871908 0.23209622869469673 -0.9226766594921372 -1.8346006061835147 -2.384074385402497 -2.68105939464088 -2.8329593901546417 -2.898615581952134 -2.9011570624796357 -2.83293243559173 -2.1888116984216417 2.745665314681889 2.895313203505114 2.00903258362146 1.215524139364722 1.2361798345231996 1.7871602605958927 1.4749934381672585 1.4142642420024392 1.2951434354707045 1.6247423666330072 2.3978556517301146 3.1342927448341658 3.388108837589051 2.982104302224854 1.7464837034824259 0.20675707633990437 -1.112835432701057 -2.101300445173924 -2.6476995556582903 -2.948974603277596 -3.200234349550418 -3.463478402719373 -3.7734544536485664 -3.9703327299765188 -3.5157893671569505 3.5947565887432944 3.9207410180877225 3.50298304730983 1.8120903166368145 1.2967469831075107 1.756192621972409 1.0133832721575193 0.13193171607289647 0.4131377042564236 1.9596968356854485 2.1485966082516805 2.769064983871884 2.3971051766799665 2.027726183314991 0.7798735886901206 -0.625424357379431 -1.6181827161737046 -2.227619501210046 -2.494050997889059 -2.6268506478607216 -2.8336850842082413 -3.1733367006936772 -3.6923904305011703 -4.102545669212233 -3.949251764266107 4.483576359421601 5.001213729565442 4.931770632968819 1.4930907586272495 -0.07076431781949803 -2.3049304472899816 0.9835791573971892 2.315337240195645 0.29357940547525607 2.282579336970666 1.49885432307316 3.133812751210684 0.5093200331652555 1.480904192660369 0.9385106729571419 -1.0274301160074941 -2.095055511758384 -2.2483555441414267 -2.2376540768652946 -2.2093047607999967 -2.378039119828756 -2.8051243709943687 -3.554752653095048 -4.198631809792392 -4.370392773364956 4.976521572522635 4.914887585919637 3.3439271239147574 -0.1443919249884675 -2.6910495991472345 -3.1518530649163266 2.7744301802842006 -1.5025582441082055 -2.3380862894108323 6.756967074090052 3.1825508412549697 2.968540310753869 1.703573507095189 0.6519049275708835 1.253376522216275 -2.3513305016147004 -3.474721156952902 -2.02608461508261 -2.000489578216747 -1.9738856061499666 -2.15027263417956 -2.6593069465424266 -3.5640318849572665 -4.350507369445793 -4.668357141514713 5.032332412460508 4.8643413623987515 2.1519523307249755 -2.412934567901552 1.1318416332338868 -2.6590806663196944 1.6486243472817341 2.520517448607533 2.9038708040968886 6.08063930105819 2.224550687362097 -0.07619621886147024 0.39229290785434223 0.009765625112301701 -1.5024040362051638 -0.776843525283414 -1.3092854384394264 -1.5538737495555046 -2.970694662426854 -2.9042565217957677 -1.8732329514942963 -2.4229129305925525 -3.4773805450949458 -4.367007032841564 -4.712211609967783 4.503129717042527 4.4050034014952635 2.658314117802587 -0.7875168423560406 -1.6591503457185566 -5.2317626279305545 -0.5992453282524284 5.660445984448952 3.8984263162831785 1.5114623363659698 -0.061974190932955746 -0.5492479950426727 1.987261380569525 0.145579704629497 -1.1923189264287086 1.9377646855596222 -2.7771920713848934 -2.076765454963516 -0.21177509148157045 -2.8827620917323356 -1.4513324740012932 -2.7719041467345593 -3.568309251560098 -4.110756461919385 -4.299816514077389 3.4842053512424798 3.3655300444347076 2.268443850354864 1.0573111633053272 -2.432419067750992 -4.242987786272398 -0.44297044472414315 -1.250915171833139 -1.9367810282147948 1.098798892291991 0.3093262977188493 3.2358892560065025 2.159131519118187 -2.566479789164347 -3.8097412142734517 -1.9409687322122815 -3.030303248427316 -0.7104663441745958 -1.6580008951865512 -3.0103805598936315 -2.8824017348604474 -1.8600889568017978 -2.9656088319932983 -3.516297590950348 -3.617200223479738 2.0645976649172852 1.561559997869045 -0.4371564247863048 -1.7023674886245679 -3.931894033973513 -5.787501709308879 -2.704327061066549 -3.9976247677980807 -3.299376260263626 4.610963100070762 1.8862164565908424 4.076418465229191 1.8303722375077986 0.0847606082428916 0.9534306407714903 1.8802930741806294 1.7850142118530787 -0.7661829897671896 -3.877908814642015 -1.8995314305332647 -1.7272594890653292 -1.1700060727706831 -2.3246275893860795 -2.9333903532862027 -2.846508347323216 0.42830226844797303 -0.42148897585199 -3.4790757032210373 -5.867877667041217 -6.503015082741147 -7.26341780542695 -5.773232188700282 -0.9942196859978446 0.025708150059840534 -1.976494164388952 2.7402065745543034 1.4613769358971151 -0.7115134274439695 1.783442312598374 6.295751916560109 3.460390880479656 -0.1608085944155698 -2.2697469289738277 -1.709867910187246 -2.7167922704281655 -3.450648937635437 -3.199816023371051 -2.815503834478428 -2.8227416419789 -2.2889880359267836 -1.2405204327509192 -2.1726565564807783 -3.911745742738892 -6.098576340871956 -6.910285860716295 -6.133722035005661 -4.150059401061783 0.07513805262743774 -1.795892414509358 0.537200742285116 3.6138972492849826 -1.8027992369916377 3.1527971585610937 9.205019158026978 5.125228179147566 3.0315094791119503 -0.29164977470764997 -2.9822009587889844 -2.917322151653953 -4.545876169167229 -4.028420721030557 -3.7271857450111945 -3.491978277295925 -3.275633413657871 -2.2468151478706444 -2.7419805407157702 -3.547150916759608 -4.432075650903885 -5.258069977128488 -5.363594968361669 -4.523069818000267 -2.7498480186230028 -0.9594509112404518 0.28883418524480725 -2.85847525789975 -2.431063411546015 6.530600455165284 4.9713389470025495 4.799894986008274 1.9190644422338272 4.111857669030294 -0.8034988251587315 -2.9879804583152674 -1.5145161770324786 -3.57704082486107 -3.105704634817564 -4.189383415032057 -4.537994489214512 -4.12008461142395 -2.5113863582088802 -3.8828617281482956 -4.326937364568152 -4.594737746357044 -4.7391404449052335 -4.497533435219753 -4.12658482666631 -3.859004565096573 -3.1288683317326944 -4.142358108722981 -1.6959802133787298 6.226294422547791 5.257052163090185 3.4871288588279437 6.923579411317251 5.974165032032089 4.92041595024807 -1.1249736525243412 -0.8824910391720202 -3.1295499596826333 -3.41262491046411 -3.705306078459131 -5.430476641132212 -5.6023316483469925 -4.853457698184096 -2.8728801706020852 -4.617408382119343 -4.666338502326009 -4.441456438115074 -4.124802601362446 -3.836226382489957 -4.051075691484732 -5.220549085784727 -5.839137502876147 -4.556319348005073 -0.5931222178866583 3.2383889084388446 2.4942376474717722 3.7018117560169927 3.7672808992122655 3.560706546240445 5.668758910117188 2.719701123586698 1.1339694508262226 -2.554177078836071 -3.5822898626525292 -5.160754189287495 -6.58628189833053 -6.337282074225629 -5.41611231528845 -3.268278534878824 -4.894460622445341 -4.706149206488994 -4.2176311222846286 -3.6457939143542735 -3.2999452309511 -3.4411448990400935 -4.230528423103814 -3.95393398398949 -2.140810543846018 -2.772557224164168 -0.7697617170297296 0.6511115262478003 2.569605961538267 2.780888769292393 1.1060122836137005 4.1483454668692366 -1.9354202515349717 0.3613520372829835 -3.406826917667609 -4.78664774300009 -6.118039647504824 -7.126512976395515 -6.717505371156331 -5.776605991911243 -3.631058254248119 -4.858047568845528 -4.5508874487730555 -3.955939668412552 -3.2804842349328625 -2.9042429467243513 -2.7801390839991207 -2.782515216931739 -3.6634297310285833 -3.3500428038143695 -3.5200736145689233 -0.14062663493820532 1.2914959386700668 0.012467993673349807 1.4199324360437258 -0.23900966666383727 1.642807723612213 -3.3448273505256294 -2.4433308045142663 -5.056134309773958 -6.250141909551134 -6.7505953825018565 -7.324491132732283 -6.832151452259351 -5.960543665062153 -3.9473387619340503 -4.581276960294808 -4.246490146403166 -3.642640462579321 -2.9735901388114043 -2.6370740882521972 -2.5423900155233214 -2.746861983218202 -3.9732207007667366 -3.7082275873598163 -3.869615003449778 -3.541626069516555 -2.5953066739785102 -2.4882984857237287 -2.489801247954322 -0.9416027976317151 -0.18739853224723277 -3.407973150064681 -3.96589423018015 -5.129513504563531 -6.113793595171498 -6.664799593917706 -7.013780780390201 -6.607801464932661 -5.922433940067667 -4.153581225866994 -4.208271824651572 -3.9026387051687847 -3.343347078066283 -2.734491369981527 -2.4570538933748503 -2.4844373021390513 -2.796415359141374 -3.2061079724176653 -3.6739975797346136 -3.9780816558519856 -3.9807496414377304 -3.893375479626579 -4.230243430601594 -4.279799935082067 -2.3366293327121292 -1.110185735738611 -2.1757612462316804 -3.692974169984155 -4.899760968863795 -5.669658122421455 -6.208192593448024 -6.470380623165052 -6.199352298257922 -5.707039180831757 -4.192544099098086 -2.8953656373481818 -2.8135005741751327 -2.482348593929119 -2.1096178400328434 -1.930112590850709 -1.9639211520010338 -2.2316608725312306 -2.5990331516192318 -2.9679855666149737 -3.3424097592599513 -3.734039766475734 -4.124283552873549 -4.483787152807794 -4.384045370385838 -3.393719809967376 -2.4593281924082637 -2.522335764351801 -3.0655807903768038 -3.5725619809687172 -3.9969539710120583 -4.289671558485437 -4.438750390816429 -4.382804129761946 -4.206253060458222 -3.3124731993818064 -0.8614646642662828 -2.0087816424752813 -2.4783812738975493 -2.757321189028695 -2.4989305030997304 -1.752599588443602 -0.5070070259286495 0.7267703192234418 1.524174523159953 1.895418011799791 1.8341393540624138 1.5918220801429086 1.4208042273742556 1.3036786612224387 1.2229765475961571 1.209625366330642 1.2945699077238912 1.4290384373693361 1.564178472654852 1.6720808081129523 1.723712998079604 1.7298880068603737 1.68582894240559 1.6164812866697007 1.329527535017196 -0.6236834599102195 -2.358740068527844 -3.4444382884857756 -4.253730078839172 -3.955412296804907 -2.666499675153963 -0.6495005032999853 1.0543385262329243 2.472876949782752 3.2949016461650986 3.0908167350694775 2.470447703768116 2.100333081611957 1.9047443920955895 1.7952444742042208 1.745223345090057 1.7304739327837018 1.8145121421654782 2.0607668765030214 2.3019085121593097 2.368249326292736 2.250505983856279 1.9066810622103167 1.5428915028586843 0.9085763340744005 0.010620974203197209 -1.7342284465890354 -3.091193829736284 -4.28793853859013 -3.2120854047712037 -2.3905843459098493 -0.5628841396635541 0.19913890000241813 2.7205547229850104 5.673107760935583 5.136104305481512 3.268455947108196 2.1766633144656677 1.8617721296219125 1.8457281166276769 1.932968324445562 1.7424099363614571 1.6048322719782675 1.8717449428460742 2.23541169119715 2.3842207870984637 2.2552311035249386 1.7455099627899346 1.2010958768393207 0.4053952605650294 0.815028737340432 -0.6228516203474816 -2.013613462332469 -3.1447113963594258 -2.7816286172629767 -5.88671886066178 -1.7540854500597802 1.6958701947597747 1.4894697353602637 6.714841499546496 3.150974991332175 2.7892737235343845 2.2594247134829604 2.8610811732409682 1.794821550049783 2.196882603692695 1.6864432498451953 1.2865538582802665 1.6214173161355088 2.1250775930537547 2.3162186177868076 2.1435441172238856 1.5059818671509348 0.8271341528807852 -0.18862022824138508 1.4337310909922552 0.4210129487638772 -0.7837599715311346 -3.207856165434253 -4.78003968008402 -2.4225964070077373 3.346006785354538 0.6599001073989946 -1.0058246600687697 5.080649448581294 2.9085244776242556 2.850897245762248 2.726701699682871 2.257719108850384 1.211872207057505 2.51176433252477 1.716492768286298 1.0007049568746773 1.5193135985280728 2.1953900119083603 2.219110346775108 1.9105502887654096 1.3018946805837759 0.6764184682059249 -0.6083380721005084 1.7147695617323524 0.9874774162492579 -0.6675449165501265 -2.335482326413956 1.74111344796114 5.428472712300792 5.757993619423384 -4.8118465163769395 -0.03070628288211692 3.889755457948922 3.555951414894682 0.8040804395372653 2.7441411919456593 0.6203766601933969 0.7778455500736042 -0.3335669291978239 0.3062019231005245 0.8993291039969644 0.5906572668586032 2.3829469122416698 2.0524892089101354 1.8173023233621346 1.060125136365008 0.5839468057079282 -0.8117746989118119 1.5007598990458075 1.0732231675519452 0.05124800980743842 -1.0237005030314612 -0.371328685552075 -0.7712250571359978 -0.4264501124370985 -1.8990797833435589 0.9035027958048097 1.5339876579392984 3.3619465840417204 1.4921984777464485 1.8305205838775365 -0.032298213634165594 3.131475625845216 1.3199823487508788 -1.7765004294493778 2.1522528569579156 0.7447333487540818 0.20173055469681114 -0.47900165706895786 -0.052399356833421125 -0.15698491213814636 0.29775932308903325 -0.7374417927881585 0.9270716764052778 0.5464714662727929 0.4181914926928439 0.7327036941799551 0.447202773192504 -0.4829010622319438 -1.3392626026947372 -3.3488975609520413 -0.4648522346813074 1.1043970794312754 1.6072710940476012 3.685608196178215 6.0688696679845755 0.6803091390793998 -3.0615885709477846 -1.948084043871152 -2.536755036639266 1.6672555809795297 -0.8873139839148069 -0.1699839974826503 -1.924338613111446 -0.7040610888042422 -0.0220901623300853 0.06468293454284829 -0.5773213233839823 0.1361501853149248 -0.5360032842203878 -0.8630631476068863 2.241308971612202 3.565200172346097 -0.24357178855270029 -2.1214531783923327 -3.5955148049928556 0.43897633103102723 1.4041856027924342 1.3392587654848993 2.803430008313447 -2.8049332861139717 -1.7808903244801293 -0.9445908853002938 0.6047994740159257 0.21994181621944148 0.21515691077123453 -2.944123737026719 -0.8132536805073297 -1.8242826837118729 -1.0000475931894652 -1.0665556908659408 -0.5724730925146356 -0.5221670747201 -0.5907496512762279 -1.360800310285804 -2.6923238955438733 0.2504068971960818 3.029413005327657 0.08735372962707387 -2.454212190453597 -3.842311806606182 -1.0277900912468678 -1.7362099210130029 1.9970824359861739 1.3543456842852286 -1.6269066292641732 0.8218097409918627 2.120406729643971 2.0709311764698195 -0.5042231767325875 -1.7379088901862616 -1.2635232521957978 -1.2852584284073607 -1.1252192065901259 -0.9170328499049405 -1.574558503531723 -1.1587817266263971 -0.43621946499382763 -0.9801268069878385 -1.121194356399815 -1.1265845139381092 -0.3939662867347722 0.5262866046538927 0.26716805054219733 -0.6975266547837508 -0.9912111390842325 -0.9550461216633778 2.4642634607966905 -0.005646918899542624 -1.3399834665780401 1.1076223843715398 3.9859994224340967 2.364313033263922 0.3711592738727326 -0.405340141903458 -0.1747494621551553 -0.7493454508567625 -0.8394790870377917 -1.6879044732178095 -1.6515026877048817 -1.4195395843407448 -1.3100854066006677 -0.1830021930360224 -1.2235512457640902 -0.8553503601120571 -0.47156012238642303 -0.039344742576291586 0.37581504809212546 0.7003003647712113 0.8659018940052053 3.5440502616990925 0.3678535428212886 -1.8717504748497138 -1.119940971347731 1.6096857448758208 0.7017041078749923 -0.22852730554478834 1.3955185107106796 2.2582279729817927 -0.17730049516129978 0.3676766009270363 -0.38823167627025307 -0.8161641048408668 -1.8711815202205841 -2.259891868158034 -2.489823220233584 -1.4096326882063728 0.14864088947720094 -1.5095977460504206 -0.6953745766755429 -0.16087279680817995 0.4030652440030163 0.7278214780315424 0.7382805062093655 0.33480371490537436 -1.0167075806434651 -2.265352652604363 1.886795180088973 0.5520399548864853 1.0670532863610684 0.9746019173295682 4.246709486232785 1.2547886930745267 2.248046992920111 0.3168800060991489 -2.907890797941913 -1.8549432511645667 -3.2329245241285838 -3.6009852951430936 -2.775374613649947 -2.3431225150454464 -1.0458220215564105 0.4731572229775236 -1.7771470723106106 -0.6476507702935405 0.11009689657715506 0.8245572486703429 1.026532182982036 0.5702289753088423 -0.7369299965401483 -2.0354804120419474 -1.5724641961268098 -3.46891304489087 -1.235131123805381 -0.8742983171060089 0.5012492543202829 1.3520596373686071 0.9727408033158377 1.4503875974445706 2.2861342296650937 -1.2890573621977184 -3.9499296029049944 -5.105686061884525 -4.804578426868347 -3.3531668777761596 -1.895020260534234 -0.7483145857145955 0.5305520478790686 -1.9637779577958117 -0.8085063289779417 0.002838633370988251 0.7505612848978425 0.9029494030808877 0.3948799730632272 -0.8450274201569573 -2.2087211429650746 -3.7674355307371563 -1.9670706006185015 -0.8535488456744618 0.045118961705108915 1.944788271898028 -0.6845128252830105 3.0868446367794666 0.9549032200060855 2.1288441560851936 2.2161346146820375 -2.2170791081422094 -3.8369960625249107 -4.03618147381707 -3.1039271534005732 -1.9069089601390943 -0.9157556030353378 0.06201503086700849 -2.076312827880134 -1.070477862088147 -0.3161160097116307 0.3728342178719659 0.48071171866293705 0.07115847707067441 -0.5040115137296745 -1.6338695464011943 -2.539810407232563 -2.1780730541845097 -3.415162892339924 -2.5303309934833336 -0.4838978665262129 0.11691903341436159 1.3759031591177018 1.2465523175035838 0.5155520420158001 -0.34404556143453824 -0.6032388206505199 -1.8575858789417754 -2.8288160237964255 -2.712080521162081 -2.0667080169556145 -1.3817138849135748 -0.7088342733567525 -2.0992331150739925 -1.3298398485269733 -0.6992106250523947 -0.14814989695200956 -0.14916369311743746 -0.5821924937506684 -1.3651656025571806 -2.4937576369118863 -2.633815590942748 -4.0501003422631445 -3.5716267835851103 -2.1457025382831705 -1.1829733579667976 -0.5340415323920349 -0.6765677434348415 0.9213410965757038 -0.7178964885923973 -2.6621242128462743 -2.7431410224720585 -3.210278933010538 -2.830113919398989 -2.7235372533909503 -2.402825676333188 -2.0158266472137916 -1.563282552668101 -2.0539338291932308 -1.5155531767653319 -1.0162870995419495 -0.6085998871093037 -0.7110977568163361 -1.1944643710429106 -2.0489212855236856 -3.273931897440424 -3.946626760835443 -4.823735939510433 -5.0074125274927646 -4.068741134369463 -2.5749316968767846 -1.2777509721740632 -0.8403550327481991 -0.9516773585199875 -2.135033497817346 -3.2405398402649306 -3.4714902829722485 -3.2581503399339895 -2.9359313869702333 -2.825560318154572 -2.6743536798288847 -2.5111882040203537 -2.1966117552297693 -1.6505913925432667 -1.609832344765981 -1.4134829615376032 -1.2775515001629756 -1.4280127731300194 -1.8082665999117105 -2.3650241297073915 -2.9577715930601953 -3.404248330364405 -3.709743058017628 -3.847912885727255 -3.6255544963383497 -2.9118947702460334 -2.0863532532360023 -1.533812167093953 -1.314855705936675 -1.4848002759553653 -1.760038577327553 -1.8676586594794808 -1.9241674232508486 -2.045447200660454 -2.2068527098158786 -2.374822392893853 -2.4844973711271896 -2.365950905431894)
(UseCyclicTransform "false")
(UseDirectionCosines "true")
