(BSplineTransformSplineOrder 3)
(CompressResultImage "false")
(DefaultPixelValue 0)
(Direction 1 0 0 1)
(FinalBSplineInterpolationOrder 3)
(FixedImageDimension 2)
(FixedInternalImagePixelType "float")
(GridDirection 1 0 0 1)
(GridIndex 0 0)
(GridOrigin -72.08516737872904 -111.06720512965006)
(GridSize 27 13)
(GridSpacing 60.378206027048606 62.594013494545194)
(HowToCombineTransforms "Compose")
(Index 0 0)
(InitialTransformParameterFileName "")
(MovingImageDimension 2)
(MovingInternalImagePixelType "float")
(NumberOfParameters 702)
(Origin 0 0)
(ResampleInterpolator "FinalBSplineInterpolator")
(Resampler "DefaultResampler")
(ResultImageFormat "nii")
(ResultImagePixelType "unsigned char")
(Size 1428 551)
(Spacing 1 1)
(Transform "RecursiveBSplineTransform")
(TransformParameters 1.4532501463387988 3.51901059783894 4.644670614642318 6.177105078006514 7.969350408367283 10.110312959678598 12.58168077921487 15.109927801669214 17.414343009910578 18.912181362517284 19.01790773106098 18.359107325956355 17.556512697190847 16.33838813738778 14.433071385808505 12.067443454398676 9.468364177970397 6.843664199107488 4.4011548147975645 2.1311128804115316 0.02383304981660882 -1.8880276680344752 -3.57155741378028 -4.990631747346435 -6.105621168359803 -6.774980555677511 -6.808327804218317 -0.862525566019546 0.7570052732427319 1.5938686634963444 2.5503969677201144 3.3529920811448424 4.394859338576637 5.987448798324397 9.289186284946478 15.591604016252097 20.982403323789722 21.329018177695094 20.552207985644902 19.705539769843707 18.50704760570699 16.53385030030222 13.844339162321123 10.496388510866485 7.1405224171607875 4.42721733260413 2.191581903605266 0.26775435740858833 -1.5432247711410232 -3.4401714993266777 -5.1981991160143775 -6.597718766438143 -7.4597241749936085 -7.687630960680566 -1.4885329994348855 -0.000179043655059568 0.634418066690557 0.957347654018881 0.4165041509656849 -0.32260058216434306 -0.6517020899485014 2.8153179023058836 14.48467239346476 24.722897738899448 20.447430777929522 22.32481524864529 20.912729005537614 18.31717969888731 16.068796219469046 13.532663599175095 10.066274369104374 6.6131514514478695 4.122547843063193 2.3368979330764836 0.9910288460230944 -0.4307914483053543 -2.4289077027206236 -4.47423470936811 -6.058407648046509 -7.030164290189473 -7.591647660330202 -2.3200221121614852 -1.0771027945521692 -0.6747363216056395 -0.9801236445859683 -2.417966906625658 -4.8386279107410965 -8.18786205354583 -5.850199919428597 8.104925291957192 24.823154305502264 21.380629608392468 22.217329433633324 20.270538914533812 15.925464595653716 13.71408191513672 11.896351623685005 8.696819251419623 5.435994840858889 3.459036890596621 2.303335805509218 1.2963252673918033 -0.4964698830234489 -1.6342046096174505 -3.561273537392857 -5.4084135747031 -6.267910155801696 -7.224460971002457 -3.506353455765008 -2.7172909854473684 -2.487588328957172 -3.5557521703363633 -5.780301991186377 -8.882478578293844 -14.18049862957662 -16.358125789991778 -7.039964503739419 9.296982962389992 17.85151059830645 19.016556435193067 15.258683891565774 9.87216177437446 8.525815853256612 8.324164956873387 6.078855366867609 3.500451970460289 2.3577400364286643 1.7923396336970072 0.3126508068679554 -0.0029129962909805905 -3.4976064025650726 -4.981623222715981 -4.678014242301677 -5.346184962197699 -6.5897674527826275 -5.1015913126360415 -5.435446642961744 -5.76770498195042 -8.062856559040693 -8.277565422308955 -10.79055588449608 -13.436622312355379 -22.15267125888695 -22.536258515189107 -11.632587083134817 2.3505341247127176 13.7219491410862 7.356932586264401 2.7223056877333986 2.944680258883174 4.544804100855554 3.0565206977891153 1.0427477525957651 1.0431198191785853 1.5661474587339137 -0.09220625559072497 0.48354612972320393 -4.493725831274327 -3.043206140420283 -2.873831152448871 -4.358558055457547 -5.90585057575037 -7.0343392575819985 -9.569097572396025 -11.289410685381874 -15.227664979107495 -15.51022076016011 -18.988935802043517 -22.04785274192505 -23.151285756602505 -27.96563449960653 -24.133821466308763 -8.449636798945006 4.449992484142555 2.0277557351544546 1.0101483854067461 -1.463256952362812 2.1356596399121694 0.5306461287540432 -0.5446509272195571 -0.47108560402584143 1.8302999256983 2.4765685433044697 0.6299535278468281 0.343676572208389 -1.6405228457359535 -4.822978852675457 -3.534517705379124 -5.340169529374504 -9.220666972466805 -14.158265357384494 -18.21469966035522 -23.768417060418308 -25.72126260462166 -23.913716546620687 -26.923418290645223 -26.28838127715572 -31.141479220262497 -28.946595475756112 -11.54214494900232 -4.591728966362266 -2.6613987200922153 -5.883231333375934 -6.794401900024942 -0.06581276996299747 -0.8353303153962005 1.993044145788678 -6.828555535500589 1.4279257885123462 4.9698328738745365 6.143894917531354 -0.4597341613123726 4.183497632461245 -1.2316750119623747 -2.0507932060956864 -4.691452687387457 -11.563588675705269 -18.166804014863487 -22.84640941251376 -27.737807425598657 -28.735064614237398 -29.745073295337008 -36.14079211689818 -35.05559620268977 -36.90210663405611 -23.070523587696698 -5.743005776660231 -10.65145004764696 -10.582799031215858 -11.662992981403704 -9.145045657503507 -3.1740456169893223 -2.7426143890237293 -0.6379290274206713 -4.863389038987799 3.9779383553443948 4.727679877774766 1.2926241775810912 4.450195116733441 5.430781064831548 1.679307040151541 -0.549340996849775 -3.7484494131653427 -13.839020565766923 -21.499375521943502 -25.579055527401447 -30.177595406781087 -33.061843329163736 -36.72104903979531 -42.61614759683551 -40.255834363212145 -30.88436611936359 -16.520247457200835 -9.220072546935949 -16.214776578151216 -16.060645003065073 -17.961104831402906 -13.089477658468203 -6.363614915229779 -5.292574792701247 -4.990631951834409 -1.5298436712728 3.125250545181587 4.258363587841519 1.2566544088622535 3.2167967724862816 3.777674001580109 3.025345871612023 0.4689257259011338 -2.731002606107789 -15.768116865756847 -24.05520087015416 -27.60545630348877 -31.41877100815216 -34.37230505652349 -37.437733965379955 -40.931676224044104 -40.252323820088655 -31.121179209089398 -21.1174621144399 -19.49235285326152 -22.010849899156447 -21.335233029292908 -20.204374280418765 -14.703848275759391 -8.727505782938069 -6.806626913693674 -5.717443780753161 -2.2223205192843585 1.234124320315104 2.282985293195068 2.402450911025417 3.471558549793986 4.182802553689203 2.697793339806297 0.6978295821513443 -1.760912890894635 -16.9247395713121 -25.431832264695718 -28.528541650416066 -31.77309436244293 -34.39971316010969 -36.47765767937845 -37.62039341887208 -36.46438196857908 -31.618794086662525 -26.565754400555278 -24.869834998283526 -24.27570496590949 -22.305129973275353 -19.1502730882747 -14.496801940980664 -10.089697051098522 -7.713946104055833 -5.818335810587838 -2.850992455277207 0.022825706541846305 1.6370408734986266 2.4526890102767456 2.9261885703772945 2.8143388235777627 1.7930712964370312 0.6501347344486197 -0.967680096594402 -16.12927064634759 -23.749722414954324 -25.870619989270317 -27.829573181233243 -29.22587380565683 -29.943097902039888 -29.45283774961632 -28.178048216441784 -26.512067456633787 -24.796560143418944 -23.37104413914443 -21.624848380558078 -18.947169382760432 -15.885477578771582 -12.987232432714732 -10.311684336305483 -7.918114227642669 -5.701372393504355 -3.5563253618344137 -1.6078473870318477 0.01900535751639514 1.1630930260967587 1.660647006053157 1.7663984098480263 1.6988650151284075 1.5423350820585786 0.8762303353219387 -10.81634713802191 -11.630362096635537 -10.7239278413331 -9.111490127774942 -7.067603980890114 -4.869352153616836 -2.7406926763161836 -0.8012162647518863 0.8330813355439479 2.1916447257285387 3.304461305520268 3.9702489829164285 3.9907667322303353 3.6392063231166003 3.1889246717758044 2.5929355097530875 1.804253728882003 0.8193611088663074 -0.3652337686563112 -1.64479494620848 -2.9142730197344973 -4.040646287798219 -4.886502942772623 -5.466040318538082 -5.732314125889362 -5.7270411717969365 -4.640357434996784 -18.055425398536762 -19.918335797337402 -18.408818091285767 -15.66053962296746 -12.177484986536685 -8.396992652004304 -4.639480410720856 -1.338168630480007 1.0885092050654608 3.4190100583734675 5.911410637732196 7.41394635942281 7.5336720779861155 6.906708060709585 6.370621710130408 5.803336836861141 5.082258300548577 4.0247277922673605 2.4485682579860018 0.5930341387201222 -1.3023135667541752 -3.134114436099031 -4.7934854175769885 -6.26299661893694 -7.453579384912553 -8.092823894427305 -6.905478902293645 -20.403063325530347 -22.724022704535308 -21.02519248672656 -17.949084186692705 -14.127696242897585 -9.898931528924065 -5.4604873901118225 -1.652163547863301 0.6987919655303209 4.567371727909356 9.482571345149672 9.161579947075095 9.041912510962327 8.415619992103236 7.791367451258457 7.160666083449051 6.509903625593863 5.474577272391993 3.692194897711151 1.5925249240228672 -0.3935644874334392 -2.287846788771039 -4.096421286063407 -5.8366149011074535 -7.620818796714895 -8.810919693743106 -7.722767508467938 -22.715529120144556 -25.62949761486102 -23.931917101500535 -20.59731910806254 -15.85487257607553 -11.498057119714055 -6.238169873889489 -1.519361088117705 0.852395300750803 4.228862874047009 8.922874025793 9.696928625009928 10.283738233088219 10.375363567913896 9.836332578787575 9.11929810293733 8.675506209875957 7.737431213302095 5.53386972994683 2.9110543125982833 0.36432876938737163 -2.986328525071847 -5.204973130396999 -7.020735202621524 -8.039780587460996 -9.613764386766194 -8.567549591386104 -24.43500551602087 -28.031336750570194 -26.749236257560025 -23.77959781239964 -16.942616287644498 -12.36143137845106 -4.9984485019572045 1.1321887725044038 2.3828525196271464 3.2740054210837237 3.471602318078869 7.702982102488554 10.81246144659393 12.505267762346913 12.511403683673871 11.739676777051233 11.731318074208348 11.003853028263338 8.056173731111418 4.460874273828965 1.5584281097637571 0.6284484061582567 0.1844198482961151 -5.679941244585189 -8.478630681259572 -10.450324896754069 -9.230169691109195 -25.55524468542066 -29.458747419164375 -28.214129689004857 -25.662505804131317 -19.037973240476635 -9.832419047245764 -5.929311467509203 -3.4963330665602625 3.609528329755353 6.073669799030729 5.539178420671683 6.302326659622453 10.293271652463137 11.797775449835777 14.63424477688706 14.144315246358449 14.584693223878356 14.018245970564816 10.333274866244542 5.906144617075893 3.099690505493755 0.3399066013701276 -5.403016025569234 -4.511372780492795 -8.125974789519438 -11.146137739820118 -9.758358921271485 -25.679479486499982 -28.9858475452807 -27.106328367596014 -24.44298842452653 -15.925125887371225 -11.109191244471864 -3.6515076329656813 -1.3242847993715723 2.718441484000407 6.987505275128084 5.859593804697798 3.9865271182255957 10.447561895121448 15.154483049935363 15.785368504292139 15.303721071898782 15.999121552649477 15.841326546445861 11.970267519910195 6.5931054880097575 3.7410061028056822 5.456252698109706 -1.3560871343113625 -5.711510922041703 -8.798404653714512 -11.532980343873092 -10.078370892083154 -25.057536293290575 -27.468473922444517 -24.914145944348977 -20.855855292918445 -14.64014515550864 -8.714125850324919 -6.978044820977778 -1.2151798516066574 1.0631673167483575 6.128416419746044 7.306213756211263 8.302377579321982 9.230087416884654 14.747760960606639 15.952583400825372 14.826943672562578 14.517953044260937 14.728456716668742 11.204080758736566 4.870095438732656 2.7001290933342053 5.648637523592383 -2.3431413694678014 -3.4650658783981174 -9.392353354834919 -11.297696888882122 -9.995680131290227 -23.889416300942358 -25.653828999916048 -22.99021345084728 -18.719274019720107 -14.623748470097315 -8.42982935218311 -6.45390416630086 -1.1373394248371431 1.7074691548765333 5.562647852611579 6.812575075052716 7.634767779923098 13.736440308645426 12.145908761054205 14.759383871706493 12.404614235922542 8.612987205886824 4.030426575413941 3.579207098043928 2.7883936191654803 4.522129707655031 0.992998075843602 1.1901519249531463 -2.782472862541143 -8.94879460123325 -10.19947468955506 -9.298747753424944 -22.529612363481696 -23.902418973543085 -21.556387482897566 -17.91749674133471 -14.396900705678124 -9.142046473713393 -4.99121984121708 1.5051633169607048 3.518263175830372 5.312874127867271 8.023622229743653 7.042721445038642 14.219714360197521 14.98956752004712 13.505414731582096 9.706878424824911 4.60705461458028 0.2613627118299294 0.2438720094821651 1.5347094172718687 5.102757255709337 2.0884357099081208 -2.1065954628541324 -4.786017917662878 -7.125065154816497 -8.976772119788475 -8.371639593448995 -21.022332958974644 -22.2706983042888 -20.21608749396798 -16.910386775477757 -13.226793618645727 -8.930451369516785 -4.307917214246087 -0.2356175890829516 2.394937701161346 4.533513659666869 7.911548525207961 10.698201304671057 12.936587685322754 13.586893314328654 11.64469687395166 8.213159271088081 3.971473442684085 0.679002207332623 0.0790279933405608 0.49933671587843115 0.43412481541522213 -0.7144615712166776 -2.7184051378635568 -4.81367652121056 -6.8063676003316935 -8.138961596507423 -7.483160485185613 -19.50237142618196 -20.7410946144075 -19.010759913864415 -16.053998456569637 -12.447919769555668 -8.455106315364453 -4.254671009520663 -0.5389369478812506 2.004610975944248 4.116980813643956 6.63659675399938 9.162982101912759 10.616527740075885 10.985247113259645 9.689211701014822 7.333251371427286 4.629034737745164 2.336441309230048 1.213875434634892 0.5323597586561368 -0.43905304996063155 -1.777000936548891 -3.549059480129005 -5.359333506542321 -6.7623158527561005 -7.532318716127938 -6.721006509587033 -13.81338544537423 -14.835097720780658 -13.770475119233026 -11.857244992044375 -9.412646633539216 -6.7417688659326505 -4.083614135428038 -1.656551388435503 0.32580631894212436 2.034245953838483 3.6399071638116527 4.9097407495913155 5.610637883416493 5.643244105914894 4.908161166668771 3.7052838127739487 2.33454159699707 0.9326795840674604 -0.3635419301998465 -1.5546189009688147 -2.6407727420808453 -3.6209379633369716 -4.490357868669571 -5.155803419497738 -5.471745954622192 -5.500476246000088 -4.576536147204956)
(UseCyclicTransform "false")
(UseDirectionCosines "true")
