(BSplineTransformSplineOrder 3)
(CompressResultImage "false")
(DefaultPixelValue 0)
(Direction 1 0 0 1)
(FinalBSplineInterpolationOrder 3)
(FixedImageDimension 2)
(FixedInternalImagePixelType "float")
(GridDirection 1 0 0 1)
(GridIndex 0 0)
(GridOrigin -93.94216316735053 -86.99657551075637)
(GridSize 22 15)
(GridSpacing 60.11605776889652 60.29492446103178)
(HowToCombineTransforms "Compose")
(Index 0 0)
(InitialTransformParameterFileName "")
(MovingImageDimension 2)
(MovingInternalImagePixelType "float")
(NumberOfParameters 660)
(Origin 0 0)
(ResampleInterpolator "FinalBSplineInterpolator")
(Resampler "DefaultResampler")
(ResultImageFormat "nii")
(ResultImagePixelType "unsigned char")
(Size 1081 679)
(Spacing 1 1)
(Transform "RecursiveBSplineTransform")
(TransformParameters 0.5089101199488842 0.3686254028768406 0.2600014887269109 0.07296623012319736 -0.1712663836326051 -0.4642143602216055 -0.7789717851739253 -1.0473306481699194 -1.3099774754323925 -1.744807815783816 -2.3821283871025103 -3.1290008919559713 -3.9392617708328843 -4.791538840627831 -5.6229136908211865 -6.3520638214564045 -6.918563550493411 -7.260767653421722 -7.359650269917029 -7.139708119582105 -6.885507126553003 -5.214377351984992 0.8376032467256869 0.5371555622163146 0.41344976326073624 0.13195525980701636 -0.23188815780231933 -0.6829078674152579 -0.9845265376494025 -1.466763874861695 -2.101324561165595 -2.4994044253600234 -2.639297070870129 -2.848595420051898 -3.414804182275114 -4.2723111407724135 -5.523781916615339 -6.71966616523494 -7.009391210479776 -7.990916857104862 -9.112364722299636 -9.313321765376719 -8.60645216056949 -6.139293796801387 0.938098560021692 0.5922176217142197 0.4729354229699492 0.3775790064037898 0.1349579359560888 -0.9737992580226497 -1.2204955723070772 -2.2334914976521185 -3.9022337765434014 -4.491847714850458 -3.736856889349261 -2.8566424393730916 -3.0041110473824015 -3.5012823874498866 -5.379372883936165 -6.944861769637308 -5.3158464710957825 -6.9857951725866725 -10.659666387323695 -11.728514704669902 -9.28715832081687 -6.270619887481829 1.0277250108419356 0.6161843925608564 0.6728828997903387 0.5624135949242266 -0.7840902376736164 -1.1085368934181243 -1.0384434078331248 -2.236078096529229 -4.401520670617136 -5.1383206762946525 -3.782094394557074 -2.334019867232217 -0.54621851267225 1.413464725289797 -6.367086165867835 -7.214746623176289 -1.8945293189640044 -4.058260259929491 -9.651461347050086 -12.253946270992936 -9.418299844602751 -6.062580969236738 1.0773126464185736 0.5639064924028323 0.4042759558365865 0.0858283179377658 -0.4210099733958075 0.2976871171284565 0.673799708565593 0.2885744751149483 0.7749793455932553 -0.4985774989476686 -0.1080935560332786 0.5822299142238113 -0.9479370046624805 -1.0345934443880864 -4.10605497894047 -1.7364421715454625 1.2745733776968529 -1.5736751918143674 -8.193991337241428 -9.896749748387903 -8.023116692392739 -5.257232634934162 1.0907582372436064 0.6391244301869096 0.5045248701893945 -0.01716275032429197 -0.35202238644395195 0.2886557149438746 1.6836341461495108 3.3357965441921036 4.373412966724189 -2.244164352754576 4.751528037393279 -0.3904117383630866 -1.5367736469435713 1.9123976862155676 -1.2591940117321556 1.4289164273030817 0.9665526025424774 0.013587416763295234 -5.192405100270793 -5.933588052992606 -5.640245068663253 -3.948060727469779 1.0542564115843498 1.059219052682714 1.340731618764373 0.5676343400219384 -0.08273206418856087 -0.5142302282920671 -0.0746052443932861 2.3148559130374036 5.24613865764199 6.177985331487646 8.13241062081917 -0.46504610380236294 2.1803046048665053 8.624216076625762 5.633965495929037 3.6638158539248527 3.159202830485295 0.7287193915140284 -2.4844279154754103 -2.601342856166404 -2.5003494898691487 -2.17950541188697 0.960789178257872 1.4776090550416736 2.078947418877318 0.6260736208473731 1.383460229867535 0.18247178159068372 -1.3536220808030284 -0.08739543272710325 2.144812351496672 3.8799295359322703 3.797683081358667 3.627602686029355 6.476153445603868 8.304904532126706 8.465027742501192 8.334922528111669 7.481290563503923 5.102129688372966 3.0925302293920347 1.7010592724635725 1.0925660331748992 -0.2501404481674674 0.8019696518187901 1.3773454543238755 1.51183611517022 0.41272962680083447 -1.9560738318132835 -3.218410012199567 -2.54159785848647 -1.0301521868714385 -2.503759106104545 -2.8837789468255886 -2.6870380199620265 1.909700871818189 11.402641452045202 15.593803558644787 15.830316777801432 16.108568869316997 14.106677949869912 11.082743035325105 8.799021215330619 5.942587864475382 4.522617509624332 1.544351700518162 0.6410173189008036 0.8046284983555199 1.4750421439253498 4.028393771924831 -1.5586851561959651 -0.5022146321725985 7.295565589376426 3.613959965162152 -3.9056023060569327 -10.324378079488328 -9.693627046550075 7.6610654714107955 20.837062727177184 20.360335274831037 18.164516053815525 23.828654529975566 20.993782694644352 13.094313933845989 13.56036780467431 9.559382835747428 7.337447064661637 3.028301667298695 0.5406071284688106 0.3262891705176549 0.4356085748932224 2.0615703624615045 0.30843142998012313 0.8531634781877652 1.5472417736632738 -1.013039887657788 4.471095983755438 -2.920594693434115 -15.632256033620957 5.933906449934447 25.861794260327347 22.030147502276833 16.650742832924657 24.992909249969166 25.198636084522125 19.020083832577225 16.39857784738747 12.094534593793778 9.237704275767898 4.023373668812009 0.5125897292430622 0.19486884425656212 -0.044202987307016633 1.0565115876212594 1.5181030802463316 -0.071435273240507 -0.15172301474978325 1.833436556096066 2.928735802023036 -1.307775329933882 -2.3509591129941247 14.184181744645251 24.614865795203226 25.53046938132316 23.473166468039203 26.95944934049529 26.94723155977828 25.41031327265574 18.841896888772055 13.217706360347053 10.125498170520812 4.63657445141676 0.552297670742309 0.2697512852931999 0.5725002981337058 0.5658185193059478 0.31870559183687275 0.4802227858707962 0.947375295229 -0.0992774233227484 -1.3374649057133539 -1.478769656815661 2.6868027057224646 10.378214927717952 18.187305838191925 20.23400746645005 20.19112816997105 21.8127168415824 22.575573593601003 20.7764297560481 16.53707951974066 12.579262306222596 9.961751301089578 4.933868534458611 0.5851940698249105 0.34295731211763486 0.6121840759932005 0.7380200258669344 0.6962907849471887 0.5907342770635624 0.4487627871404667 0.13513005904302167 -0.019725845051712262 1.0160005144068736 3.7528404956373227 7.692228584928238 12.137522158125531 14.785842319979619 15.712126380476288 16.80846153418867 17.495424133180986 16.48831704768844 14.116307475477122 11.339993734276865 9.306387299316397 4.976323780753335 0.34276153817373023 -0.032304290955697555 0.03806213561525094 0.09420310401290043 0.13786729064982872 0.046183824413267564 -0.11037875454943225 -0.10070361749339254 0.2813968070875269 1.3662056687216515 3.076488347539119 4.889660036363071 6.552553965231552 7.951710149242791 9.01597277233525 9.790323720989072 10.178506424327713 9.871878881838903 8.955900980071878 7.738386473954891 6.810097752634948 4.253111761680446 -0.4525626168270032 -0.1892286028961796 0.004026149506395391 0.29519870602705617 0.6411621043371886 1.0428269055758035 1.4992374656995695 2.0374153894084324 2.6279803321152944 3.1894459224447695 3.6529940430854215 3.9212534124112666 4.00286586952427 4.053071320471992 4.047214238273144 3.7488960485319054 3.1373982360082198 2.354014932867741 1.5100149750064882 0.6676794583825678 0.05994538735021248 -0.9981174509898147 -0.7375949151512505 -0.5457971655077809 -0.3509430345175467 -0.011848547443333714 0.36946738221897524 0.8826233259431108 1.7146589890349773 2.627863528470363 3.4850618572095957 4.18919621462337 4.682632341417781 4.856519043374608 4.751406901002344 4.946937127432325 6.339580620345583 5.664058857709444 4.105863387249459 2.657095686005493 1.2173579787039457 0.013647518039075091 -0.9241341676760984 -2.0856910232093906 -0.7713748841238194 -0.6937161175092013 -0.6044923532167611 -0.15873931475175887 0.24815773540067015 0.7975806277985051 2.043735104510102 3.299019040677275 4.2403594529368265 4.760150457778497 4.950102303041366 4.9156585367488335 3.9347413402487756 1.7376874989955935 7.263983613459218 5.9470733584685584 3.2494319737329787 2.718659014411594 2.1046787670171625 0.303283497595606 -1.5847521077038087 -2.63571452296369 -0.7868365671019448 -0.8198304876021534 -0.7766613770807151 -0.21744267025048636 -0.4997506721586274 -0.2014787598741333 2.1556184766099173 3.6617555850134496 5.033551994498419 5.725870507889972 4.736263515329596 5.066000077498098 4.560445979675918 -1.3863614874796684 4.114720009136233 4.905052856586661 2.868889011135044 2.396707765539716 0.9550909666992542 -1.691562021131838 -2.790213281994681 -3.2381896044691145 -0.7971785292549003 -0.8444037085434383 -0.6931908898161397 -1.2392688562025036 -2.5937861716972286 -1.3615979878021796 0.8892109967476292 4.075613261036916 7.178143250831059 4.072045948570728 3.598296615345234 6.283255807628244 5.943983015243333 3.819527427296846 5.9235417394254934 6.392876479118669 3.404607829688717 0.0033771596935067965 -0.5479430694064398 -1.9356165121503452 -3.5705999664677712 -3.6878680326295763 -0.7983164185450179 -0.7925109761074405 -0.6999504756935617 -0.7028721902380984 -0.4159273726401186 0.7237551518015265 1.526876698866247 5.686169705526062 0.3271643540235604 -5.688192868148443 1.339893979743145 5.775330816437247 5.104046845432703 9.478556900543735 7.6082220833525955 1.73651326119636 -1.574586544176571 -2.1964244947391975 -2.215877629579536 -3.0169125804408607 -4.316181846878778 -3.94094933284485 -0.7703662161491575 -0.6810605192935633 -0.5891375938431859 -0.09938887698782722 1.5544859942867477 2.2134288990741107 1.7727974185684519 0.42414148773024757 -0.9046914755146198 6.913468856330284 -1.4478396805208238 4.334001142319386 4.013191156351116 -0.25189711859486996 -3.376107618357751 0.6722510139603595 0.7927046649849661 -1.2700988300143452 -5.602457961580671 -4.880600049334887 -4.632527513052532 -3.895473659575057 -0.7611393341668271 -0.5042142176235842 -0.26830888891927995 -0.49410943418322756 2.9771972210800084 4.251350468870997 0.7273933229241174 -0.3748810287090437 -0.5082159593007812 0.3749774133323203 -0.7120198037317295 2.252690248383085 2.490872433306042 1.1342611603716524 -1.1254022933948027 -1.3797293612345343 -0.8270029820991474 -2.55441434319594 -4.0311932970919875 -4.42889165969115 -4.2787203436092485 -3.643173087445322 -0.8172350167880842 -0.2581224994867142 0.7108830028917549 -0.2834178806644496 -2.5753562848575 0.6729925599364343 2.470879304524471 -1.179169547011449 -1.0788750086086696 -1.0876538545371794 1.4161486351422496 4.053600627395745 3.6444683650645895 3.019769506202501 0.6812274574704638 0.47722719518404677 3.1680821262305896 0.2955043536600453 -2.226291068699789 -3.1232261985120404 -3.3425644688864327 -3.2721408432295758 -0.9067237088913487 -0.3271051210483362 1.9545423103973738 3.816165625646133 -1.237350570079007 1.1404388842835864 -2.9618193785922533 -2.75793945255776 -2.547444460944547 -0.16171231225592503 3.8634150089406236 15.425982068738191 6.242363496345036 3.3457543243921375 3.5601165639303303 0.1905562355842898 5.600384735993771 2.6562504236357123 -1.5625082022811192 -2.1157892447393523 -2.2625573167023862 -2.807725184133125 -0.995807853039241 -0.6317104132852518 0.9897491928660357 2.557437593107297 -1.9743037040608329 1.7360395488952867 -0.6232686190941246 3.9275600935491553 4.5797991972864285 2.222029906032659 -4.970904805949565 1.8111448034511637 3.439500752727251 5.036661934039576 6.640389563790447 0.181395047508775 -2.829737245524013 1.2229116468883579 -0.5946979757019571 -0.9608511230803786 -1.3915345841941829 -2.272213863826252 -1.0445742673996492 -1.0372973140298942 -1.2426561546302284 -0.9619575269159724 -1.650585628343856 -0.45875141502375844 1.709091153994868 2.808318302652492 4.5964282891534936 4.443869584612399 1.0332526823276327 -2.838234017780914 0.9040221254003613 6.655045814267465 4.780883925214022 3.331553449338011 0.7828894504936629 -0.42345157785607845 0.28185612784097186 -0.022829910851067076 -0.7304717590949014 -1.7340066281338626 -0.9907991352919857 -1.0258813003348317 -0.9113042977573323 -0.7810557900967865 -0.6069635631456461 -0.09220221818157023 0.8970533847675864 1.1806531186688705 1.3412524922620639 1.086908920578563 0.5907791794788902 -1.441059458910929 -0.018044992472313382 3.8074533767009475 4.009876236538938 3.898937580468326 2.4264464564570813 0.9822709975734683 0.6683183724802652 0.36346270501570244 -0.2627922904731252 -1.2232070042484025 -0.8868074136153947 -0.872680665492661 -0.6504350282869067 -0.3593824168579488 -0.029153006678234766 0.3093742062122989 0.6883237725474153 1.2909060885171872 1.8745047358560964 1.7199566927072398 0.7835734416010229 0.0582947056359744 -0.05825775008248169 0.30403031471255604 1.4587785942574247 2.3271625857195817 1.8081229619797676 1.335609628804393 1.0625127764036248 0.573135211011117 0.027204481087900644 -0.8238946335143458 -0.4689451046207321 -0.42788824869594094 -0.26040107122886325 0.008639375639357653 0.32679868660497585 0.564897535869853 0.710552126320252 0.8823797463295127 1.0664624076739666 1.1293609605525226 1.0153856170055935 0.6568144081503877 0.2125097034200913 0.19214640250981252 0.6283964844350876 1.0720411511174455 1.302366010065187 1.2592760287545948 0.985223241981333 0.6436712782203464 0.39126175130177376 -0.08707304340349058)
(UseCyclicTransform "false")
(UseDirectionCosines "true")
