(BSplineTransformSplineOrder 3)
(CompressResultImage "false")
(DefaultPixelValue 0)
(Direction 1 0 0 1)
(FinalBSplineInterpolationOrder 3)
(FixedImageDimension 2)
(FixedInternalImagePixelType "float")
(GridDirection 1 0 0 1)
(GridIndex 0 0)
(GridOrigin -83.10339686981156 -72.91299165044343)
(GridSize 23 16)
(GridSpacing 60.52403360579293 61.171282792084256)
(HowToCombineTransforms "Compose")
(Index 0 0)
(InitialTransformParameterFileName "")
(MovingImageDimension 2)
(MovingInternalImagePixelType "float")
(NumberOfParameters 736)
(Origin 0 0)
(ResampleInterpolator "FinalBSplineInterpolator")
(Resampler "DefaultResampler")
(ResultImageFormat "nii")
(ResultImagePixelType "unsigned char")
(Size 1158 777)
(Spacing 1 1)
(Transform "RecursiveBSplineTransform")
(TransformParameters -0.4888052636767288 0.02112714912275473 0.37743306214278577 0.9422304524787511 1.7173157932278256 2.790724838322881 4.240272535981067 5.959464859495755 7.835746854309955 9.803723782130856 11.83168565271609 13.574559053714896 14.598270368870994 15.007014225376556 14.874918181740089 14.302585866459019 13.410816230052246 12.186930757291659 10.59998302339998 8.887192891782076 7.070334975973997 5.4717368658329235 1.4001011999131823 0.7420659352148252 0.9811283198281882 1.1872898366689129 1.6103219928029522 2.1248009343133543 2.9842725690101632 4.646225499317287 6.544594074105321 8.44589408547448 10.043691794508401 13.073170173196797 16.683995998376844 16.704937753202504 15.245814770988993 13.950083778817387 12.461027793952569 10.525041884944818 8.854853522154158 7.490112384648504 6.1758951143925085 4.599514480949611 3.182806404956322 -0.20482182957790765 1.4881815847748585 1.7720408449116085 2.5001163330572345 3.1221901136321315 3.0994705766816693 3.367245634513704 4.8370879454794 6.971429404707524 7.873764253915993 7.455378546369168 13.270714374601313 20.079149810955084 19.216780007240448 14.216317350567003 10.391551411578186 10.37520224715218 5.1559680024403125 4.579413840019116 4.842523597460043 3.5558522207448355 2.1885007221484445 1.434289147086422 -1.0923436666597826 2.5508412120055506 3.0185714686565888 4.401006605042968 4.330645279718759 5.266131303101034 8.494483185817334 8.240212704599129 6.355858036531436 6.9620261892171 7.298018837404847 11.418362179479702 16.67147851871996 16.868232065137786 13.731685594868038 6.031126069614761 10.445955055144175 0.4663183317013269 3.3103593669960882 4.847234013396709 2.0263272898816336 -0.9260482612184013 -0.9015923423652321 -2.2065703166833415 3.708779716646532 4.2019524709774645 5.110311217986409 4.104508449634621 7.6480294853447095 16.008335867421813 11.27062645511766 7.49125653569695 7.798976915743614 8.385717637558844 8.81221636699245 9.548083914971475 9.318132246472725 10.37699807500724 6.205812514015218 12.673447223409623 2.1700602092743386 3.989084138528814 1.5937173701088982 -0.2767952634637068 -3.819071497335242 -3.2263311989138743 -3.1651611327745908 4.981609424032407 5.003589050125138 4.101248504343931 1.5510294552133101 10.4409327920815 12.85031225698631 -1.004481754872499 -2.5535191999840703 5.867763950763723 5.242975851230782 3.645465532052125 2.1905833667839194 -4.878038433458764 -2.7013017419547496 5.147201819447249 10.986461383889798 2.322348299080106 4.151029583339748 1.7560948564644188 -1.6073407139875364 -4.880523139072105 -4.649306193736513 -3.8802510682261784 6.32066141422414 6.006698793189113 4.8216240612307555 2.702085105357906 -0.65555427939986 -2.8126655228974897 -11.042072340282914 -9.091342873759777 2.262723098658227 -2.160143582425244 2.5781384099428153 -0.5907338903324975 -0.9224668829632657 6.579204693253325 9.688777519347965 4.850254987188604 4.438834877177637 9.05650860396179 3.7964006433636466 -2.991613252288521 -8.605526182483306 -5.969650641871289 -4.16230815462867 7.719327106692819 8.039129375360918 7.330878299487289 5.8343775852220165 -2.9715089379227124 -1.5479692259513271 -2.84776417727367 -8.798975607582461 -1.8831327257755544 -6.152431925964597 9.966901473015927 8.140058750372578 -2.311228110717277 11.069901702455253 10.180040888184381 1.9765451755925556 -0.3025725057614556 -2.61541592972462 -2.9271168311503573 -5.564666017761635 -8.09031872509634 -5.215377381994603 -3.793487102599853 9.051065224448122 10.931603719568333 13.806471524776919 17.531799452454027 12.578705967548823 3.6417812409312633 -2.9363283164029057 -2.103461267821103 -1.6684208554215116 -4.686879387539661 3.4078413575942794 7.302629126369967 4.096457122183344 9.075866485323504 2.993371492022821 -1.790876842239659 -9.409735297446444 -8.422060106540169 -7.749829732556722 -6.6823990808188745 -3.971542210328326 -3.4828450523570007 -2.846352219792648 10.029673013907143 12.635421921349781 16.779994813832538 18.280751260860136 15.2145806727933 9.356012882647706 18.282762828709636 9.095847994728322 -2.7212621319777606 -2.514235606351086 -1.2782919158033381 4.346034040904832 17.32002311365579 3.9228283668913604 -0.7874138787750465 -0.8711560455836237 -5.987980111317543 -9.038939643015516 -5.400005748541333 -1.6305547973335035 1.014433775411889 -1.3875921291024012 -1.6836020088141315 10.552437051867729 12.912723867028411 15.327068953146798 15.6601306984605 12.055333269565839 13.58796198187818 25.97648849845821 8.966357981596888 -6.45830283544327 -13.833349525093679 -9.122034589629106 2.226060619941898 9.702935412945434 2.9461062568583722 -4.515948759083946 -7.478544329151149 -1.3748896672980124 1.0160340769490255 -0.17805107222743619 0.7162696148228777 0.5559652626212954 0.0949384955386544 -0.5532273622798269 10.636181185739503 12.528828609332797 13.70712993361192 12.780293104005166 9.050223499887526 6.506776066300136 -1.2920502261369164 -0.39759819840554056 -3.5584586633370883 -4.314422450415804 -1.862268371275083 3.4903958204735317 4.694708869455389 1.921665897905659 -2.262063599570509 -4.97748697037965 -1.6258238356803432 3.2362990582924542 0.3774366422105291 0.3895668384452299 2.609135279342205 1.8996598368832194 0.25927288976494955 10.40216486327306 11.651228681351776 11.533793988458578 9.68170843811195 7.729613012936996 4.239864299115041 -6.269423046816938 -2.795198418189437 -0.2364829478462261 5.21571845512737 0.3366484372655636 2.6764273638542604 1.9138362574700365 -0.37059570476826464 1.0221589813778191 -2.0068753125051066 -3.4572681547725352 -0.43786124555003664 -1.7357510236989266 -1.2513480524511538 -0.1301638242435318 1.0693355591427318 0.6976162483032886 10.010648795383194 10.653159426284562 10.056154102780633 8.686354234415534 6.147456923902969 3.830637084715751 0.7210315242906978 0.16626653674980982 -2.129697179865581 0.5978777991597479 0.8357885717575908 0.9887780254971383 -1.3052806638738093 -1.1416075930570797 1.7082836383378435 -1.4444403463978588 -2.478442034051851 -0.6866882193992642 -2.700505707579507 -0.9512329153717273 -1.2419608921574556 0.6442604924565727 1.0969270983982389 9.825936779458113 10.185970598558432 9.513740991602814 8.265481879396866 6.074207468352317 3.981338136820791 1.6343449934729288 -0.4988354327406644 -2.231138890365682 -0.5458525475767769 -0.017035935259854175 -0.4281313248123612 -0.4539153600615396 0.5638049452671684 0.3282628398431533 -0.8312118287838003 0.0030094491584283507 -0.18577742905115752 -1.3824878732852244 0.5083682154190772 0.6372089089142536 1.0530026235440433 1.4346818852607246 7.685154369687494 7.65258860421 7.038033918363682 6.103792370490852 5.064472120476058 3.8739939328124806 2.4284397900731927 0.9917870026778455 -0.16428357446186803 -0.7719387922979132 -0.8426311641928754 -0.5360337315650983 0.015885557735826616 0.5512086125477345 0.6720981171354207 0.6501981165585009 0.7093517248418919 0.7736840684008732 0.9636865306249686 1.3274291343534281 1.625385080721513 1.851406831339845 2.0252499192379982 2.3671242716225636 -1.4381764916752497 -3.138482855950167 -5.225560457803221 -7.4023942304375145 -9.614531061554342 -11.617205411342674 -13.271259742144158 -14.418138964448769 -15.127433392675512 -15.454341699695869 -15.26313157007975 -14.417972042637741 -13.061813607557939 -11.368681477745913 -9.412535122668649 -7.2721319924368 -5.315909266463543 -3.9077432428218115 -2.990891497798499 -2.451036410623048 -2.129295422766462 -1.077312716674476 4.203354757291704 0.7664299443795499 -0.762384147343471 -2.7595342469823834 -4.793268482135448 -7.242416125331033 -9.91467271482885 -12.261728089177389 -13.67607884102022 -14.474971515197327 -15.441414034193736 -16.556398250785975 -16.778137734285128 -14.988969989699203 -12.127242156456884 -9.132153347786689 -5.7705526950245 -2.689885266248599 -1.5924080981052688 -1.8158251697573538 -2.4622073355838543 -3.114452954020575 -3.5082472091512216 4.819663933925299 1.996329998518976 1.0568790325135475 -1.0510126258358221 -2.3209479533920394 -4.306019516155506 -6.646701885181366 -9.339929156659784 -10.84680583534736 -9.770797916837486 -13.244569315637646 -18.69557224971995 -19.33894478175597 -16.659720254051376 -13.194565570427322 -9.580492228954988 -4.808620507836571 1.1000996044531528 0.9622461172836977 -0.8078207713836794 -2.1777509533886303 -3.4840122957168016 -4.521978476213767 5.688647093777112 3.5341167279366172 2.814496019862338 1.0963845230839881 -1.1896112112191577 -0.6098654575356611 2.5014174915839598 -3.5364485497079152 -10.114556051500282 -8.631166226633523 -11.317085751467003 -16.02947407495644 -16.739948891129277 -20.819355222232033 -14.91855951328798 -5.169034787119935 -1.3015340119429366 3.8574804035354564 -0.13618665790766 -2.4283472036802607 -3.4519423803304954 -4.659107898194045 -6.065032017671556 6.453487170085795 4.644413696615368 3.3913732449597087 3.094788604108806 1.1980883022841924 5.544103602224951 7.558730990398771 -0.3600645287688298 -6.330934399002956 -6.704857579718165 -8.345573593394581 -9.841478273680163 -12.83139986153432 -15.119969613893788 -6.899698559299678 2.2455683790701335 9.609191935351125 7.098858079606918 -2.7325658743536736 -6.033732485468998 -6.955589530612476 -6.503787163726234 -7.730733517675873 7.025989778520209 5.583800138877474 6.327851512864502 7.133424154820991 -2.6122637484275297 -3.6791012819007634 -9.223191606353222 -6.72293843398243 -4.891247134303857 -4.911991496410314 -8.645005141048221 -9.854518405964084 -2.7405343400674522 5.967621400319812 5.130672665190351 6.732069633366284 13.558550251661007 2.422870453099285 -5.525729368233938 -9.694321346400121 -9.829110629030383 -8.623018156975563 -9.520861396910668 7.29332513572342 6.036378832219419 5.653240119996359 3.568985763567533 -3.9064132552411825 -7.06598742325201 -12.184032085415263 -10.610412004957377 -4.415290232103434 -10.692426307763679 -16.02538119920331 -13.440911700316825 -6.38341153726033 10.715106451580535 13.48255117514579 9.1779959246852 4.157315885484499 -6.996140374125428 -13.35359161770254 -22.734743636257782 -16.611712351331313 -11.165743348026144 -11.26552427504564 7.208783781053612 5.9912848400073155 4.443447204688718 2.459083803140253 -1.0998507132284052 4.391164592990244 -6.374763333322588 -12.528059725876965 -2.146021445389077 -1.467439043582496 -17.284230285174115 -15.087230068170896 -3.3519102157494074 10.536153426196366 12.961909220985696 7.723066845328424 3.271449289191977 0.5476100764922152 -4.240926174941835 -20.22290254915095 -15.063692702574883 -11.223310926462137 -12.736481644740287 6.769495440232212 5.709691846437528 3.318632665900242 3.628788666420079 2.9528186902024145 9.871651223478013 -4.54753611027116 -14.360643812939667 -2.9623826004532066 8.338378606091142 -0.5773872925912623 -1.0833630624069168 20.925282629096476 25.48318394223668 9.136469991280313 5.44162499923664 -0.2656137501327648 1.6559827536166958 4.264616619751478 3.6013516221858617 -7.60900882141861 -10.286788856743069 -13.845306842659713 6.038901185163046 5.381180954537059 6.4785636641221895 9.10355144849426 4.307926388158847 0.6689474087060538 -7.514488706680604 -10.662393814565544 -6.808748187967697 2.459717148693722 15.979194539754733 15.011213280552472 5.212360527822563 14.042210944539917 5.900906344128205 7.281831532477466 0.1741348351572727 -6.038590493968409 -1.2980834677928021 -3.442675538382878 -10.305718549771594 -10.94567736276765 -14.572328396627615 5.0534751238672735 4.273220196759124 5.343450349480525 6.303007120469703 1.981457363975894 -1.8556256663910988 -7.952932016961786 -11.56372097268346 -13.429432898043176 -15.828085222734929 -0.6252287591159946 3.112397384799563 5.148494290869713 10.063001541682855 5.981386460924987 -3.306902053668668 -3.519046266649394 -11.351233279189078 -7.452987023423551 -8.641728816926872 -10.099974175687976 -11.969611456505305 -14.9650484254994 3.8199999921606023 2.768397616896062 3.4179526906780033 2.2482727386349466 2.061942055616533 -0.1710303893385438 -7.682589845044709 -11.506114768461455 -14.89371456978975 -23.431492006713146 -15.046777482838946 -1.9733798443646853 5.175562692843225 5.050397152023069 6.365095160943143 -0.47524710810864534 -3.3481985581857616 -6.9609983623936875 -7.207558858302399 -10.340395723100892 -11.448613469634962 -13.115202856792882 -15.177001861757928 2.4519860657098733 0.7883435677734227 0.3428736043097956 -0.7576573389843727 -0.16711465663223024 -2.1681880000654776 -5.260097128445938 -3.775397800311234 -10.090580254436288 -12.011057778560053 -9.913321883774886 -2.3913080772795277 1.1268057505223095 2.960198984880502 1.1591764635091348 -0.9499424082139092 -2.138352120009017 -1.947343005989161 -4.448095555764086 -9.159771240166963 -12.323441569647246 -13.577916768611697 -15.291449649699485 1.0628896300292705 -1.204563282914699 -1.6643060091118553 -2.8366096534791723 -4.858210541702896 -6.861411433692585 -1.5525813507621522 -0.4157446543883529 -6.650471936781896 -7.07797415218004 -6.005804512813696 -3.4855179756954775 -1.0033232266484435 2.880811155614387 1.2723934955357488 -0.6231355129774305 -1.1397941148256463 -2.6188470240295927 -5.478801047127438 -9.471780429493379 -13.09597139864827 -13.619391629769574 -15.210206385087194 0.05610269288940339 -2.62401053007679 -3.545471443058369 -4.7663338565192115 -6.430156105800059 -7.180704769422438 -6.316850509972123 -6.825686967237663 -8.523681005794167 -8.213091527014805 -6.783042528455184 -4.71902679738119 -2.3772568101071228 -0.022437654436537627 -0.9991656402041309 -1.7267028792490013 -1.5358368303012955 -4.7197615655526075 -7.560493897411051 -9.140027881432829 -11.825825614940095 -13.483444339961038 -15.229503405332887 -1.8063414267075923 -4.647517198441981 -5.720856689863724 -6.9038507682377945 -7.965730812812803 -8.794766604352096 -9.185644048171305 -9.330479391382628 -9.38338162595867 -8.970532001025589 -7.92116392844706 -6.540055328340327 -5.151781996613701 -4.0934821779164094 -3.6992320515952195 -3.7137352840377993 -4.120881733715347 -5.247873772200846 -6.877830576034349 -8.628548966575094 -10.407892869969256 -11.693721404644192 -12.836513345213186)
(UseCyclicTransform "false")
(UseDirectionCosines "true")
