(BSplineTransformSplineOrder 3)
(CompressResultImage "false")
(DefaultPixelValue 0)
(Direction 1 0 0 1)
(FinalBSplineInterpolationOrder 3)
(FixedImageDimension 2)
(FixedInternalImagePixelType "float")
(GridDirection 1 0 0 1)
(GridIndex 0 0)
(GridOrigin -61.276579427270555 -65.63869158471688)
(GridSize 23 15)
(GridSpacing 60.0835439653603 60.236697278916324)
(HowToCombineTransforms "Compose")
(Index 0 0)
(InitialTransformParameterFileName "")
(MovingImageDimension 2)
(MovingInternalImagePixelType "float")
(NumberOfParameters 690)
(Origin 0 0)
(ResampleInterpolator "FinalBSplineInterpolator")
(Resampler "DefaultResampler")
(ResultImageFormat "nii")
(ResultImagePixelType "unsigned char")
(Size 1197 712)
(Spacing 1 1)
(Transform "RecursiveBSplineTransform")
(TransformParameters -1.726460523453083 -2.908811367169536 -3.420795242985684 -3.521891326344156 -2.6289752314259283 -1.2452453077383858 0.22450507575370807 1.0797704634606946 0.6564169118399777 0.06604554923576482 0.33146041391434167 0.971396752969387 1.6787604647879035 2.525046347309359 3.615489114672845 4.792463953840247 5.898041767201202 6.914087492879206 7.883351288654473 8.72840866352762 9.028493076540578 8.84763449173221 6.072024650462463 -1.815745255081266 -4.008693756758226 -5.060022538886645 -5.493761485079291 -3.7861965965701336 -1.4209073091487017 0.6084065892731633 1.1820143028836487 0.7007381474459397 -0.44675867738621916 1.9197029113358028 2.355058787897926 2.662462248654601 2.6732246061983718 3.8536505773552148 5.482481005904591 7.118916440654086 8.137776610477296 9.379801228753642 11.190121477601554 11.911023318349551 12.139029501750327 8.369490178146496 -1.6286730122272486 -3.853169932198423 -4.184191649882841 -4.70313109218544 -3.5504336318272482 -2.0976990733256557 -0.4389183973149298 -0.40327102170778684 -1.521516821167328 -1.9656307107321136 5.33211003494985 3.5830244681160592 2.887248607063887 2.7521710978334664 3.5619204271297877 4.777201109649995 9.028584291873722 8.159192961480858 9.61844743699144 10.916495498212345 11.842282816368332 12.412867621360231 8.631475231499573 -1.195539534123091 -3.585448227092979 -4.231053242358603 -4.469675188426624 -2.5198269333565855 -6.526194648523828 -0.6691226922566917 -1.4902545899787363 -2.063445917868281 2.6757679853225658 8.647147308182019 3.9865666109618116 5.491079586026212 3.9519622298171155 0.7819115007592802 2.893019843922471 10.43836311544538 5.664718335945768 6.793805622630241 7.817555139671393 11.794943227546229 12.443684046321899 8.438725394217716 -0.4545962222070697 -3.3159789703078006 -4.480892075165666 -4.421610976116858 0.8622407467216581 -1.962901973802814 -2.7041327730995994 -2.9023126577944804 -0.9096802151375079 -2.4601537614664513 3.4852829268583854 2.1358704388646683 5.571079647926737 1.4628299343198912 0.431985056534322 -0.42395730264063974 9.44023679759724 7.395911029011028 5.51487403979277 6.002905001844222 9.638022116291307 10.809384706875793 7.582406653198356 0.39678123270294535 -2.3985344344299055 -4.274918877365962 -5.445621251951429 -4.722171706209437 -4.065130279700021 -0.9432840441317004 -2.362403775302468 -2.095305546045283 3.183361320449075 1.4196135510297152 2.494394012688939 1.207427029565547 -1.5092685744788301 9.980657833580212 -3.477189111510257 4.010353367125529 6.84818192413232 4.245447731925911 5.560003004811601 7.576636278626117 8.829710965894476 6.515343930437459 1.172735149872518 -0.842565011733425 -2.093592273452551 -3.1978414499982346 -4.78147409422504 -1.410632057824883 -1.827056043432741 -1.7074788212215206 -0.40016594364876273 -0.14521441594382933 0.9802319483838641 -1.8699747912305449 3.020495259676334 1.789140019698111 10.585277723712121 0.8298684910087599 5.59888233211766 5.859964867080145 3.047029062843292 3.8175987394332425 6.279054110644532 7.687358455210042 5.561224309308403 1.8537728737544255 0.4093977850162581 -1.7338900157272883 -1.3485469189920616 -5.169458175880714 2.290373744398718 -10.135840167413123 -3.3155709304930014 3.756458192032961 1.7247109341510127 1.7956724933607209 2.0189869737138015 3.295012687832002 1.9640198484706752 6.611666707561575 -2.2611718249453325 4.754420540020549 2.862808215932942 3.258531838723096 2.818458931624363 5.988148882324386 7.106323902174878 4.614657004590114 2.4158054103451363 1.0597624931088436 -1.7425777923026766 -0.40903228757396476 -1.7425875522521344 -1.576322407256742 -3.9151636083336325 -1.5723906599317923 -0.9864214449797617 0.9314119870061024 0.5893594214277897 2.342804092525444 -1.7946565733597102 0.9973673404317549 6.781328027411084 -6.080114367463734 3.0036838265917596 3.002291377705487 1.850883404853076 0.9037797247817559 3.2149465987674692 5.194348895523562 3.551037086850517 2.7743412785221695 1.5735284926185098 -1.9636845990525083 -2.4293982943185934 -0.6947787152670338 0.8150847553709369 3.2055567844920443 -0.45064916403657707 -3.461199831205703 -2.2331383660278856 3.7168959834274955 0.9940525489703095 1.7110354236912886 0.40580818364524274 1.4271909064907125 2.116384870762135 3.9412818780246566 0.2897283177636338 -0.13503402007907636 -1.5471611914573455 0.0128654014921587 3.3898963952953656 2.5035188565298316 2.817051969776972 2.520546045494188 -0.7933872748888405 -1.613300327684744 -1.9809570291806746 -2.31070259536359 -2.8940614142285175 -2.5365959065297994 -0.4929915854086432 0.4362890761791192 2.7400541584772 -1.096430711505672 1.2905841045982855 -1.5460672055535651 -3.4691562283121984 0.36841243260436013 1.4335758177188112 -1.4062663509964197 -3.757741230141091 -4.115881323523301 1.3761209493983626 3.9495964555732788 1.5651994993225233 2.556474658612623 2.289538922324666 -0.9709560870886454 0.17904264652781218 -0.47378076963790644 1.0533489057720105 4.2186927152738685 -2.0057165747934578 -3.122795025787636 0.5251325378810318 2.9425641240772547 -1.4384274286423242 0.09582300456243299 4.945120805091487 -1.1993809040389525 -7.233304734478335 -1.896630333856912 -1.7656234568069349 -5.394278413255295 -5.197297557009445 -0.47251438051995703 1.588890347453202 0.4661877836827717 2.0999792226451905 1.9576065063075 1.2813983458596894 -0.305555224424572 -1.1240275686585603 1.1116764423924956 1.3190658736495269 -0.3799802919586391 0.6885677055159064 1.2687094805307457 0.5488146928319645 -4.815222277731848 -1.9973250170376122 7.379203021821779 3.228959442834758 -3.7451971078641715 -2.724961674125464 -2.6952148159369473 -5.273145521441442 -5.818334966120451 -3.6357460364246657 -1.4258621657777275 -0.8709758042094249 1.69135715846181 1.275009972707535 1.4737447759100444 1.2944903375130254 1.7324023518288045 2.3903388772394276 2.251219306135246 1.7258267971019619 1.9325432476719278 1.591069742799921 -0.25076952186903934 -2.716159663770194 -1.0127989547588014 1.956174968770745 -0.16599170013570022 -3.4609278975092788 -4.2165849568305624 -4.296903590282993 -5.542194929828666 -6.083293768775599 -4.957702906610565 -3.3993150621980552 -1.9364452057889985 1.5837959823010155 1.286137495601868 1.3720381326717839 1.5792239436879385 1.923774918384534 2.228639387638825 2.304444910412491 2.1989448687336113 1.9689972932365347 1.3159239255739419 -0.08424375662727139 -1.373723029325246 -1.5696337854881353 -1.755129295297537 -2.9905599698496665 -4.4698756985524835 -5.37045171139023 -5.87701579878553 -6.138912556517191 -6.025535778963884 -5.381601898969409 -4.605506401764977 -2.9007938858432434 -1.974986172476227 -3.1702450079297635 -2.780034321608623 -2.444082171011537 -2.9012553875825775 -3.214594506430436 -2.1127045161540785 -0.6765258028194284 -0.06078446381360442 0.19153900270003493 0.4265988685479751 0.4560313904260298 0.20240883211796198 0.44214806451187905 1.9676849454842094 3.85084518558666 5.163079948352244 6.0022471661472645 6.493634578051133 6.664653184863467 6.4913707971701 6.146859311180395 4.649700059146191 -1.2581212720108716 -2.2901638177448893 -1.2934159075733285 -0.237646885373141 -0.9724253566613942 -3.440954260800208 -1.841803504640771 1.1797626019022618 0.5430728087038569 -1.221410653625424 -0.13617965002756732 -0.48204108185983857 -1.6252875436190257 -1.5113564296858075 0.9601808683776966 3.6215335627889167 5.043650951007514 5.94788881212823 6.825132403585334 7.32874368281702 7.510188795773539 7.343969678987337 5.795412564871679 -0.41271352537948397 -1.4403739846529713 -1.0242953909393382 -2.31055831170927 -2.318359691637543 -1.6800348168123722 -1.4478898179876005 2.995486762983504 3.652938048449826 -1.903418889358239 0.11705726706466123 2.5568256033163603 0.07550290769387234 -3.365361616976884 1.282566984799523 5.516490505264907 3.7430602675120905 4.422996620752081 5.735839974743228 6.678690724566894 7.392615336815307 7.436073221535461 5.933340047692951 0.8867188564256115 -0.06892466060314223 -1.2577774442876442 -1.4149340232071503 3.247202719577991 1.3074836609967222 -0.6797492530712349 -0.5685367240120319 1.9586424252621724 1.901980336560941 -1.3722029685054666 0.3877055275038176 2.956975731511033 4.967820293479964 4.556661356055599 6.5331046832635655 6.2522961117156415 8.366347798228256 5.5818673907196334 7.669384146084324 8.035848615685666 7.2192662628604145 5.896043305196496 2.4998488333234032 2.1291925086404757 0.32849034791625803 -0.2414729913982922 -0.6722703415032677 -2.0456207557864463 3.9650688856621756 -1.4254642137279834 -2.935891105723951 2.1291729877671277 -1.3848009521197837 0.1622479935416012 0.5263079612407946 3.310523049804363 -0.33492345855455685 3.03131745797993 4.539513052068182 6.542478223498062 4.9612437849043785 7.44294828007581 7.6429750023205845 6.551222821794119 5.63445685656131 3.844620954027024 4.105106980033637 1.8632585144938836 1.0752791393764056 2.207787408500751 4.123883060374293 1.5808783528019061 -3.022361657241894 0.30773728776887377 -2.1641681103581143 0.9060169658279544 2.6627112545725815 -0.4826644019491582 -1.871149587767404 -4.707660709971967 -1.0190530566876386 3.5237336784139415 5.170673918634164 5.879795158753353 5.807190944325511 5.588012456259804 5.516561434109414 5.26804691012578 4.307063760669865 5.378721443666751 4.350812506380054 3.043014587566378 1.203337500055472 3.347253020546901 0.03370135581811957 -4.245823179665588 -0.6610218335111407 -2.4438289458479936 1.1119337156997176 -0.8974175936853696 -3.253340764915896 -1.5081932875078465 3.4944678925861163 5.193553653282828 5.154948193686675 5.489322209593643 4.575426728399453 3.9981307017035586 3.729601060895461 4.188161184174472 4.852517399037449 4.283536765577499 5.561688163773737 4.218445863656893 4.427532614183346 3.4866080102185824 2.639489092166654 -0.8818865138109048 4.313120099543418 2.8238550438616072 1.7353452924149215 0.022524219034777488 -1.6444386457500557 -2.8273578892473514 -5.521065677216501 -5.243886669989511 -5.379842989558016 1.3613411191245952 1.0288778021499605 -0.8333525073238373 1.657764170821096 1.3977464867631888 3.0815539387625543 4.622122743683704 4.162741128390116 4.810815072551055 0.44261978310284006 -4.009098544964223 -2.973223222971155 2.6519723501793573 5.672414349001792 -4.820580807704202 5.451618936463347 2.5499995219929166 -0.5924138172136981 -4.306402429010204 0.6578523437248841 -4.5486307757706905 5.097508325492281 -1.1635360493294873 1.0925867428303941 -1.2934721768593556 -2.5426864054009646 0.6455617553941054 2.890767456639239 4.123754757870525 4.798066406332579 3.7968961423834307 3.769939542266534 1.528304652526786 0.9675016330163001 -0.72464603899282 -2.1163834679916103 0.24181144989719566 -0.30059776504022495 1.0926203131009782 -0.2959202163806094 -0.0031546657547617107 -1.7315510882208 -6.830275674622943 -9.222045179958839 1.5430610734478334 3.21944734799902 -2.6939760613359875 -2.8742909361200253 -1.2774376345383214 2.0214625105911748 4.207528621065902 4.658323388570775 4.888957479153966 3.0327057357015135 3.4257568797085627 1.5250435040915684 0.41223583032022126 -1.5527021482134986 0.0365848435756768 0.3723260647080105 -0.37905837510767604 -0.9254250212539129 -5.210401280980806 -4.818362993731859 -6.550598275606586 -7.115245432972482 -6.045006209914036 -6.59337711598116 -1.8673553290698004 -2.715109523418282 -3.472737888354485 -1.218850447528884 1.766406747630254 5.469208885742709 5.728604875993225 4.483220861138555 2.1991198226926185 2.6784744560441487 2.2092143630716725 -0.19978459115111605 -0.12269937763531141 -4.015443328230231 -3.3472286402578737 -1.2510813258626865 0.6399533172520776 -3.9041899609497066 -3.979414349955888 -6.686101874832309 -8.813089646579728 -9.726231347629005 -7.418642271912245 -1.803852200964474 -2.4570605426490926 -4.889208232586286 -1.5078907522964973 0.684289593669185 4.076791959340659 4.517288762837113 3.7422472706116707 1.5883135980744885 0.7797372092211219 -0.3423616762392923 0.6591463174112995 0.6325156798431779 -5.163666872398072 -4.685170480284182 -2.7657380824397104 -2.7471034401506675 -7.249752196589361 -8.173095417306998 -8.042131824234183 -11.51075241690371 -10.800901764277924 -7.956645246107019 -5.1017004366436725 -5.688197331748885 -7.592966937362265 -3.535614407766534 -0.723432637014353 2.1229902909935556 2.4097013068902995 2.8606595090384386 1.1641821963461867 -0.6733532124074726 -2.6429797332098275 -4.692358091814799 -5.750213546863296 -5.993473416922504 -5.0752507136035305 -4.3020663849383185 -5.619769158431474 -8.184948401918254 -10.865815287608621 -11.524304645754146 -11.396868164675006 -9.673446313030643 -8.963669424414928 -8.366729968545567 -7.972123086753775 -7.312746932150424 -4.745937062915242 -2.0227451169041646 -0.14611071878291815 0.6497388774928672 2.077675004423254 0.004516107372259165 -1.7944878636426558 -3.0103418420165395 -4.410543863218865 -5.416547664620203 -6.038178118161415 -6.186566977072334 -6.415150691009649 -7.296314494316141 -8.520307062883248 -9.783399510506213 -10.692455528674827 -10.969406086654244 -10.759930206940457 -10.386202393629668 -9.74053056350369 -8.766322929546027 -7.426027470564068 -5.697647991046739 -4.029653619241091 -2.6772266689390554 -1.7113245854656498 0.27830164947579455)
(UseCyclicTransform "false")
(UseDirectionCosines "true")
