(BSplineTransformSplineOrder 3)
(CompressResultImage "false")
(DefaultPixelValue 0)
(Direction 1 0 0 1)
(FinalBSplineInterpolationOrder 3)
(FixedImageDimension 2)
(FixedInternalImagePixelType "float")
(GridDirection 1 0 0 1)
(GridIndex 0 0)
(GridOrigin -76.30499950624817 -79.96673934811486)
(GridSize 26 18)
(GridSpacing 60.10823448935267 60.26013212210416)
(HowToCombineTransforms "Compose")
(Index 0 0)
(InitialTransformParameterFileName "")
(MovingImageDimension 2)
(MovingInternalImagePixelType "float")
(NumberOfParameters 936)
(Origin 0 0)
(ResampleInterpolator "FinalBSplineInterpolator")
(Resampler "DefaultResampler")
(ResultImageFormat "nii")
(ResultImagePixelType "unsigned char")
(Size 1352 873)
(Spacing 1 1)
(Transform "RecursiveBSplineTransform")
(TransformParameters 1.242403628339377 0.29879919326563836 -0.22915638043202058 -0.76931246314551 -1.072981129262953 -1.1330239282932 -0.9350747599778987 -0.5013958642216712 -0.003950030224080662 0.14505253557817302 -0.09578398623617891 -0.418347075740775 -0.6839668152806662 -0.8058604313163948 -0.798598144824844 -0.8072132411901771 -0.9153205375773967 -1.2037334389129988 -1.6635658338622659 -2.1903880246709937 -2.699515380903971 -3.0772728532516185 -3.295862358512976 -3.3697578174032072 -3.4020175321574833 -2.784945251322931 -0.1824471659575556 -1.751283130988587 -1.9629274753129744 -1.9896403773488887 -1.4151733512861189 -0.6405511293311809 0.40665751283830104 1.6505297975283109 2.10163692739127 1.7289137212347425 1.036373967740567 -0.07809621981863071 -1.3209873324665493 -2.034193109776393 -2.0934267940380775 -1.8159991324029352 -1.5181157675616672 -1.7585307744662328 -2.61082138925803 -3.700747709860767 -4.757704574624779 -5.4182458724426485 -5.611945078781911 -5.476115395905899 -5.289278243188309 -4.0803699169815095 -1.1086768890660061 -2.586985352135164 -2.3824821033175616 -1.831623135184832 0.022903140791227013 1.082460909140672 1.5883550839068081 4.0925244746084655 4.6743899939141675 3.4549863603225677 2.6745203162932567 0.9629208137436369 -1.0660980265191031 -2.2994927317296647 -2.5487217552011594 -2.214442888308831 -1.7424225177488266 -1.976589896869414 -3.045886048326375 -4.431082073590585 -5.759982838161938 -6.531720149271071 -6.651066472813157 -6.313921515172665 -5.914859472479385 -4.363181832619985 -2.125937751726799 -3.312195413989546 -2.5460948708088567 -1.946275680335153 -0.41551146066058725 1.5094563225364244 2.3975717522523246 4.350403795282714 4.115738322514633 2.7617664324696576 2.457707740283494 0.8971051561280632 -1.7888900158472911 -3.151837714211941 -3.112323400485443 -2.4411402716892074 -1.8421512701979132 -2.1778236127181456 -3.560636919828317 -5.35212378963263 -7.07052744200624 -8.06947061382596 -8.187619950378402 -7.558003108309589 -6.751592242431874 -4.624317024366402 -2.7508761029873248 -3.4379871437200684 -1.983159307570731 -1.4160831379278673 -0.6820677026796589 0.7005325367306224 2.4391566575940513 6.520298403335567 6.140040261487484 1.216433360670656 0.3122144396608373 0.6459649557626894 -2.202710000726556 -3.441389190506838 -2.875119682535424 -1.8689622622507742 -1.5245394285134086 -2.188925378398788 -3.8649403521931376 -5.965660843318436 -7.975302391491832 -9.17801975808003 -9.346242276342435 -8.455385538341284 -7.208858119532748 -4.550624521159887 -2.6680161783852405 -3.0210532883013825 -1.1887613146310785 0.5224410807804637 2.195496987928518 5.123302040605331 2.739898882660472 5.1373720619061265 6.649988611424764 -0.10122508490386627 1.8091604296854018 -5.814712972166361 -4.016018245910779 -2.3254052457793013 -0.5053240908768046 -1.356014599254411 0.22833711355982336 -1.901558624762572 -3.7234362818622992 -5.71586503722796 -7.606152438773679 -8.840305396900389 -9.561642805119705 -8.893284242349909 -6.91079300844941 -4.016247649584298 -1.867019078696859 -1.995790143252171 -0.8093207961924966 1.1188188123430585 4.248140176180931 5.967434676509671 4.860841851264815 4.605036747379837 5.710219410845019 0.48916873726512755 2.2817443573028626 -12.727578741221745 -7.318100298551682 -3.3557305948170666 0.6846017948615258 3.828977122444948 1.380711225920713 -4.1199784583686325 -2.7623428834471806 -3.3899108984318977 -5.26971441976495 -6.996287418452894 -10.319720965159929 -9.57552867428883 -6.065011223606304 -2.9716722364308534 -0.7367533720313416 -0.5406947182596022 0.2666876502243747 1.6922060330898812 2.9747719086715367 4.389981668943053 8.252687446568979 9.765012260894878 1.473464338930112 3.0871781489351875 -4.685525297255147 -7.667462319298427 -7.140326322018665 -3.8559844190770476 2.3586803549104522 6.337267788767737 2.501472114450343 0.589310368429504 -1.1509515129006143 -2.341678882357204 -6.549707724636222 -0.22719382571898333 -2.779919647889411 -6.110381973212466 -3.554585087521726 -1.4166300698083354 0.44546736540275966 0.9477409353196087 1.4680970966390214 1.9596568290137901 3.816481698662296 4.131628589388369 5.5607701968681935 5.201351389879223 1.6629281607752007 -0.04458694109147551 -2.7561488045043374 -2.2505914612528937 -3.4339318308801925 0.35975438559355966 4.52352235593285 10.522354146681012 6.2689469413577195 2.741846113279515 -3.2345100510216063 1.5588052043426466 -5.524471783750683 -0.5669441227073277 -0.28616642256808766 -2.071125324910705 -0.6885105367034114 0.3772710389240738 1.3545822945042107 2.263390849079071 4.158584421065696 4.814115827120133 1.1196803878118047 -0.5061348439250561 -1.6057936195518694 -3.1017097866890606 -3.5607460547848655 -7.588095930524031 -10.288285472690834 -8.888254301276211 -3.3113001114794898 -0.5400630914489617 2.7322066321552625 6.758656861680162 5.800325001911091 4.022548490641606 -4.502577205294044 0.7668297146660137 -1.2762890530609752 -5.918570749107236 -3.3468495965970972 -0.5130916818918845 1.1203249351532971 1.769919259437462 1.8618104028352969 3.0547763141808923 5.242000831753172 3.0882431040498317 -0.051028981797443335 -4.6694954229689065 -4.992763844941101 -2.3414795955359007 -0.540892688830423 -1.7385597257954628 -9.035072299408366 -10.248572522369475 -5.990225359463395 -5.752075001985874 -0.014903541207522814 2.040550487306493 4.931648300643479 7.338642795548539 -0.3847778848185955 -2.9387140790163535 -0.8445195601755532 -0.6614510867813966 0.5739696561507898 0.7647638436142851 1.947542116999109 2.5278844067122823 2.0195681224137254 2.5145578592013966 2.4008138128608514 -0.9248795990871782 -0.7595378651240788 -5.517561059758878 0.16682917998073385 -4.490276869076084 -7.281091191493152 -4.455853986140763 -4.8391159055088195 -2.368995478203962 -1.8837076412453633 -3.771514846373409 0.52387543210654 0.07326004689338783 3.9079650967943635 -0.04819296172073265 -1.9595114216305016 -0.9626233683609986 -3.1637879156918602 -1.012790850208189 1.3464635334953126 0.46972838892734 2.288005818952305 2.720115002910515 1.8854645606744815 1.201265145012714 -0.038603177355191386 -2.6475110926310372 -1.191367041889793 -3.841642500217649 -0.13898986219598133 -1.8093706499126643 0.2559913233186669 -4.2856782538724545 -3.248396399361695 0.9188298919303054 2.090870998489074 1.6158153234290904 0.5942734887417145 -3.6864868368868478 -1.5892446557653457 0.22805587970600896 -2.3884936511424426 0.08473930141478207 -2.115663091308303 0.162680321359111 0.2286822692660358 -1.0977114691021206 2.201425095018449 2.459298809031908 1.5704593005991987 0.6153781249958944 -0.2688670199055597 -2.331297420061548 -3.3128235900410807 -0.349662813736481 1.0012341574548076 1.7392276591266216 4.453308565503828 0.1088527926455206 1.3923446381069318 1.1404466937323088 1.2736661273914731 2.299183927451916 0.9133671907777287 -1.6534921741782067 -1.9401714381085937 -3.2730346193324205 -3.905344437538047 -0.15550442738590134 -3.4292891893757966 -1.6691035458458596 0.32866574643763075 0.9380355662835695 2.2861121313703476 2.015148377488889 1.1496769116825853 0.7559830610194813 1.3183488590394299 2.4736207982311473 0.1560590568518068 0.2674481834007906 1.0476099142189703 4.763076102781679 6.394143751429176 7.618914113375317 8.806805194875272 5.2602128656277864 3.4689043560572532 2.6959764944091815 1.1209006532391366 -0.3969393478497373 -1.7638720783000998 -2.9934459007634393 -1.2070708406498307 -2.000084399325512 -2.13733575768503 1.8685487014991957 1.242794229325794 1.5808169735583475 2.1711718420882464 1.5086362432968787 0.6382789451336197 0.8203258174848183 1.2551922435660468 1.5871344786525206 0.8435485597854722 1.507387026950763 4.329521402075151 8.57060565306836 11.73929784529188 13.285466209380433 12.67570773988069 8.717606721312407 5.473466948895563 3.2512543800530214 1.8820671883324 0.6647367860666548 -0.4332274106837898 0.05367015916277032 1.0628136228026066 -0.6344238455193566 0.14484748202269604 2.006537750564439 1.169162306270535 1.4193986055377572 1.6740622101538907 0.8802491588524316 0.21524245723144353 0.7051463298123691 1.147098622345317 1.5163002533399537 2.0103187222239782 3.4144736394032242 6.0895519000281535 9.327327059194982 12.298261243657791 13.545812819265482 12.628053690162742 10.069048945310975 7.145861556092432 4.642813312800895 2.848028987708504 1.4506748541021905 0.44425925522934445 0.21976905219323864 0.5340333679356446 0.47421356679678556 0.507309363613495 0.7306668382900592 0.8648520295098252 0.9753387989375845 1.0418399371063154 0.3190877449780077 -0.5641443182632411 -0.07459612589052217 0.448954427208487 1.2727294869214096 2.354905160154513 3.8007120876771485 5.512425785784172 7.234642894254874 8.672039408654056 9.31406709517323 9.011338177966444 7.917686656349357 6.274311397188428 4.520784456552012 2.9379737387618596 1.733777169304135 0.9984193473067791 0.7120616058572765 0.7580374482969932 0.8414064413541215 0.8308520677816029 0.6993558055105691 0.45988517169660403 0.20971468014664893 0.05294830138773992 -0.39657905106429164 0.045376836784458814 -0.994133802280094 -1.5379284836680225 -2.2535763305217253 -2.941869558977842 -3.630061028243504 -4.263625688100934 -4.781203284950942 -5.125237337035666 -5.28957970406096 -5.261659257682211 -5.006330674573987 -4.573018156430154 -4.117213850081163 -3.6888352730770304 -3.252121520130068 -2.802250941701263 -2.3436693700212348 -1.8781287440682277 -1.4052638217708358 -0.9302826950318187 -0.45883077218071383 -0.012952893206991677 0.3858811119260769 0.6667019351730825 0.9751301707135485 0.38936260517221805 -0.941712012980303 -1.662040712200363 -2.5033150556790216 -3.155107123060479 -3.36211247886112 -3.5478252331846 -4.210449173982705 -4.611599663461529 -4.803586226105817 -4.8792678092167385 -4.8632382893036255 -4.744129175709601 -4.3998411653651415 -3.8630632070792994 -3.340279964897633 -2.8529345178579852 -2.244297941114463 -1.5039461789848083 -0.7345530256939077 0.011572956710359657 0.7031693904682779 1.3084585459278022 1.798277478972795 2.141713288120186 2.1410541604427222 0.5499152595652704 -0.7510759399588847 -1.483087762161302 -2.2304054349501463 -2.7549729416943425 -1.983482265440148 -1.5968530371135194 -2.0451269915882095 -1.73406491055518 -3.3099835838567286 -3.741527438672948 -3.80375285582456 -4.0243548424045965 -3.851279311001735 -3.291017125189768 -2.8300146626079523 -2.502962481540254 -1.930458757251531 -1.0736008511286996 -0.15961965304853515 0.7094023070825453 1.4855806112709278 2.1332215020217453 2.625718509447094 2.969835163441591 2.7249880020626267 0.7798906038453403 -0.3065686999093846 -0.8782885636494303 -1.2032430333632758 -1.741476232479036 -2.020159996920064 -2.687815047045109 -3.400483874697542 -1.702440401791079 -4.367427146541127 -3.7782138172676984 -3.607597607603369 -4.234851638029534 -3.664968547695365 -2.7142871389161205 -2.230614172260518 -2.1108565631672564 -1.573284309945805 -0.5118211870867729 0.5946344492928037 1.5749709791669213 2.4202699153973413 3.1075651772510895 3.607284913289829 3.9630678993437085 3.4482036911652796 1.022548578977067 0.3474264777252759 -0.014566198698655632 -0.9218994253771068 -1.42636996843963 -1.3766716072698064 -1.8713308823519204 -2.0639815877958028 -6.130708647324439 -5.016865312380369 -3.746930768680202 -3.964760463669247 -5.440252711520457 -4.187617514679889 -1.1754798356073968 -1.5467543632471246 -1.7720038642613352 -1.2621164344484854 -0.07016694725497372 1.2019444361104026 2.331938662741115 3.257572767176514 3.949371513674865 4.4210717838594595 4.7645692269931885 4.023962493625565 1.2849885821291156 1.0402030995836298 1.1390859071509962 0.5689948105125928 1.159092152590665 3.445968596621346 -0.32671273416251034 -1.7566583265922635 -2.5967333867943223 -1.2499039054786856 -5.846992584933489 -5.86962681745404 -5.6104225343926615 -4.837058106011523 -0.41119124040394545 -1.8067001114637407 -2.731496927888983 -0.9311049825422644 -0.2151792146607086 1.1727048900577652 2.867813235078552 4.188715911597192 4.472193864448356 4.583764203509226 5.307566302223238 4.351313985541586 1.5639416571497884 1.6194045410822224 2.4626819064823393 3.3492924951855225 1.6542441150794587 1.8585540903283666 -1.6795342804205577 -2.4233991798341528 2.330033085789701 2.679593461143619 -1.6068362081657905 -4.446714632738308 -2.357652073297574 -2.099876370026091 -1.4132782214339972 -4.085817158670732 -0.7496148453197424 0.48780241242663047 -0.6554994930472389 0.02927516712217961 2.6018529210730623 5.176231559942781 4.734729876271273 3.89520234659577 5.4552854867362734 4.371396116850399 1.8612300358240803 1.6647460423930804 1.7888575287035746 2.34961168995278 0.2583314962310974 1.8398462101896178 3.9396760845901135 4.814554664456587 2.390221664020953 -1.9612475232202413 0.5694926762927689 -3.161774277027758 -0.14065299949334484 -1.826326705762826 -1.3625057389376878 -0.3015946285251497 -1.1048887442017277 -1.449437978223579 0.40709352057779935 -0.6936651779493161 4.024234440425281 3.3847954781361143 5.710275193748855 4.529781852259136 4.840418451805834 4.128698403099976 2.2060628377200393 1.4020798157241623 1.0811115969326652 1.3096877634600028 1.352968954707863 3.346241916475625 4.842819276157766 0.9500231803671169 -3.2502120641132204 -4.9048231136333245 -4.162965641871622 -6.581896527385442 -2.2179949590430685 -2.06070370280594 -0.6230527832886116 -1.7515997411533817 -3.808724618240015 0.6270022209837556 -3.8049208315269816 -4.855857166019015 2.4993548400914367 -0.08702615473384605 1.870226379113685 2.7298320447614306 3.627181594937551 3.689603304297906 2.6780347001413722 1.709166648385627 1.0955269923361959 1.3770068720316595 2.206336266914942 2.8684181355303386 2.490854102887294 -2.7367636416511063 -6.493400456487979 -4.572916360346129 -6.038742007229249 -4.208517482402672 -3.273357698416149 -0.04171494554006585 1.8603593466524837 2.2782561891032236 -3.402013504366594 3.02472941460053 2.5764950279032464 2.4963329439889104 -0.1892537478265913 1.2207395481408805 1.657021932753159 1.3461713360069905 2.545200597209549 3.168447233823968 3.2776401656530405 2.7309351547956595 1.8692646020992907 2.1541407042834506 2.903578785859479 2.5774739288688533 1.0765759121251752 -1.7132659979806213 0.01918407204331161 -0.6849283251236455 1.500237603545658 0.04659244355580821 0.7431578055805043 1.0664599380591555 0.7606017886737603 2.551376266944642 2.6392012986412583 3.3123442069832008 -0.7410929936066905 4.363878760538907 0.6077504027316949 2.1513458371772787 2.070319714548787 1.8225302200450912 2.283637357906308 2.6430207550388682 3.95479000805378 4.068499775949554 3.967395781510553 4.26153121717713 1.9216366955181696 2.3573832094751688 0.3818649165992706 -0.4542059011955707 -4.469102757214404 1.2559342259443982 3.7490205392785754 2.7915737838612142 2.527457129903732 1.5252020426298345 2.2296912666347493 3.396494818341236 1.595818074595204 5.21238095449874 1.6893470068627383 3.5488778055731456 2.665945630471535 2.8735817198952343 2.654501685725042 2.168190973128903 1.8981768158800243 2.131291457497816 4.58171708225839 4.841682899318802 5.005897832549955 7.297884443889869 3.0837026649057284 0.5687178533109248 -1.139135900780034 -0.6515510775754231 0.5161155041623557 7.582817758928219 3.1238676886877492 1.001145250660335 -0.13909892378359384 1.6669137153793503 2.5140173955922034 -1.4013644343970153 1.3766120512409044 5.565457228002133 3.428356565697869 1.9531170987867377 2.3205478342207 1.896501818993406 0.7148098370570843 2.613146358014636 1.7612794820509199 1.6518671677224235 4.945615191191597 6.791817525941287 8.372571732514794 9.203944203851496 4.579204171932307 3.310969224977652 1.299564625262191 -0.8435404247431769 0.04504809485440026 5.660558616932262 0.15393807805655657 -1.1213829806102984 -0.19855078785831984 -0.808122463545368 0.5492331086605847 0.7996116220610867 2.651320633673163 1.8594189295683745 -0.7027731781387871 -0.9779169105184419 1.4317002060715525 3.031401373898695 1.7994433487892103 2.21386772083723 1.3806455896257928 1.202183093904064 4.965442554620958 7.4761163667037485 10.197639946396725 9.781686389758693 6.78342855984205 6.051222960813803 3.554882532524306 -0.5529707592284314 1.2408226770896935 -0.15113892057799574 -1.9872148037519377 -0.7993441270408119 -0.4836029115526002 -0.4681326417638599 0.09959977784375448 0.6952515765958776 1.0565393983227098 1.4528823600889986 1.3659623537673875 0.0903878296493589 -0.5055088468181852 -0.43293648423245484 0.5099435855983915 0.6355122402487692 0.7243078962251664 0.8017917557419648 4.678805599588216 6.621254187604987 8.017539411507542 7.865434793470101 6.088006508203689 4.294693043453685 1.6154092302515084 -1.3210952153340834 -1.000687816926452 -2.4090785357220716 -2.322081988263314 -2.0534626568248657 -1.7452816645723106 -1.1532652924308282 -0.6717930370246105 -0.4050369582848197 -0.43472673917904864 -1.251927771982868 -2.42226328658917 -1.7842576242462562 -2.1113866909882515 -1.7243875407520681 -0.5249834196890995 -0.24124293995197565 0.07126956619748816 0.4771586271982405 4.383777697664825 5.593170788312587 5.772144538193797 5.52875176449005 4.561946865936555 2.995091216037437 0.9487766697354338 -0.7511211619819628 -1.8313378686283939 -2.2591666970048028 -2.482401082362325 -2.4379204687212437 -2.0160258480133706 -1.6913251333011958 -1.6181730139182908 -1.773950340642914 -2.1191575625148533 -2.6945785171863137 -3.286623830716521 -3.185249968000466 -2.904600208028592 -2.3832640146513087 -1.6992836365330195 -1.0161156033331697 -0.4582710020341129 0.27788917861825896 2.90352676625715 3.2906927588282073 3.0435275210447674 2.6200277133766603 1.9643579902649495 1.0787691906869477 0.05929137019415569 -0.8616486550780932 -1.563298125639188 -1.8648775711742032 -1.8290888533275658 -1.6923005978955572 -1.5946262706749328 -1.647032048412949 -1.8766679879006287 -2.230094648309167 -2.6196335127994863 -2.867116487273397 -2.9278335035298415 -2.88826309893635 -2.747160504659318 -2.406979220213869 -1.889352595972182 -1.2578971014117706 -0.7208080977694846 -0.003867809696110624)
(UseCyclicTransform "false")
(UseDirectionCosines "true")
