(BSplineTransformSplineOrder 3)
(CompressResultImage "false")
(DefaultPixelValue 0)
(Direction 1 0 0 1)
(FinalBSplineInterpolationOrder 3)
(FixedImageDimension 2)
(FixedInternalImagePixelType "float")
(GridDirection 1 0 0 1)
(GridIndex 0 0)
(GridOrigin -85.64181295130925 -89.1711551763067)
(GridSize 21 14)
(GridSpacing 60.24652824896954 60.71278680035483)
(HowToCombineTransforms "Compose")
(Index 0 0)
(InitialTransformParameterFileName "")
(MovingImageDimension 2)
(MovingInternalImagePixelType "float")
(NumberOfParameters 588)
(Origin 0 0)
(ResampleInterpolator "FinalBSplineInterpolator")
(Resampler "DefaultResampler")
(ResultImageFormat "nii")
(ResultImagePixelType "unsigned char")
(Size 1043 615)
(Spacing 1 1)
(Transform "RecursiveBSplineTransform")
(TransformParameters -11.106895161461352 -19.156406139879618 -21.76850327078457 -24.22480017612428 -25.787131797075826 -26.500259527412446 -25.976805384861386 -24.65354187678849 -22.936244779096917 -20.84373251087409 -18.392384002247805 -15.51065838685191 -12.129923089559808 -8.045872662400447 -3.035612852594344 2.115981840372859 6.61885254276292 10.154904179557985 12.35199611556144 13.36337135999515 12.78048682972994 -9.550964827631933 -18.91318758671408 -22.596613729651246 -25.822703929979408 -26.914138727656045 -26.501169896086306 -24.75165085225159 -22.277366635753197 -19.65063234006246 -17.37368359008544 -15.915607447430114 -13.981317402172781 -10.730986907498597 -7.108447601409516 -1.8621218359138823 3.5150362861106466 7.443827308943649 10.113458977245296 12.607840592228742 14.107099010236112 14.369992808204655 -8.193799378688178 -17.771794603454733 -21.893097250285898 -25.782300272990636 -25.779911521827117 -24.052376999550155 -20.763582172984574 -17.910370967154176 -15.493212619110585 -12.156607745300274 -11.81910414946812 -13.547791368829161 -7.876687941807364 -3.1925895495108905 -0.6901646101893365 5.962921271448107 7.842315577110638 8.250816325985678 11.114177447003323 12.320992686188534 13.593438223806457 -6.291300252919498 -15.409309404536838 -19.39841737461928 -23.615244200629665 -21.297119665346056 -21.19149323894329 -15.745434148049135 -12.687221484343166 -15.979475802587551 -6.4564654095257215 -3.0557199612701447 -10.188625461334212 -0.5948240063081431 -0.7967317660473104 -4.13153046291248 3.448275511213502 2.670336286938974 7.400349147623477 10.109110848200276 9.767505537646876 12.441442473920182 -4.018470698742458 -11.573611887420629 -13.19124204626089 -13.318929425500853 -9.434424072036917 -8.880551268569993 -11.848339301175601 -9.888394634160168 -8.23831312844556 -8.14862611133349 -2.2845329943703034 -3.642733987631858 -3.002620962103413 -1.1465451584328232 1.9823328950967876 5.246501774086074 5.401933988652043 8.182633171281298 5.615084697398948 6.919048559388277 11.016992654357418 -0.9257755770992888 -5.608069342314743 -5.4182135103051206 -4.840384946391432 -0.8036873937145323 -2.474818004812485 -6.297895378449092 -9.6364783235653 -5.15071245844613 -4.818190337020078 -0.6506405915691699 -1.2872441580783056 2.022812667294224 -2.4169280361231675 -1.3147347088138712 -0.5225408903931021 2.4084302567901954 3.868263245275219 4.148981009639442 6.514084038523397 10.234105034145388 2.761410441541249 1.8596724528408288 3.0417809783620275 3.669061582279722 3.382100401799534 0.16674705338133386 0.5215666398184797 0.3674409829278302 0.25847536275493166 -0.36531323997449555 5.568221566299904 1.8764772868968254 -1.5864414120424737 2.2213971318119956 0.19502715963887043 -2.1172692959583457 1.0871405206071993 3.188898048239083 2.9050284136191777 6.480536794874673 9.98596343435456 6.14920763537369 8.067079429715783 9.41753825370226 9.534894261091102 10.524742045116586 8.366751685689369 3.578058845784912 6.303767861538258 0.5272258603225842 -2.656205880816754 2.757110331597188 -0.6734211505335009 -0.5685841597356678 -1.8339961781307959 -2.3585038331240393 1.558623276847011 -2.8897534081209315 2.2867792505285087 4.599704400361307 4.321582432168152 9.297430535000327 8.892079051353965 11.919508051179582 13.120703161710317 12.691973259176809 11.954005387916878 15.351325609964594 13.84678483379437 7.908902899814183 7.377598257608399 -1.0534590269806998 1.2493288614508105 4.01659770409977 1.8909457617290395 -4.968047279309544 -4.22847123973239 -6.510503621017082 0.3541749783310034 0.5132757307135268 1.617090588892098 3.518791324833596 7.943675757965393 11.03683807363004 14.664958799760221 13.977635126891169 13.979869039927268 12.907006539362651 17.491011745708864 17.083378129479758 11.240458770143285 9.688920620927691 5.243630028860325 3.7876658878469422 3.9890773278318545 -1.3225149734892403 -1.763096587572457 -0.6417420704049013 -1.0968167720604847 -2.379408330644768 -0.8824572704949152 0.288003358691796 1.732266981123363 6.048516258776607 12.599454408698495 16.973653741082106 17.01462035773103 17.390874783695917 18.39861060144571 20.538533744115437 17.017278349199337 16.55734150968476 16.171285927224368 16.222184201989915 8.449702130715323 5.472812789899858 1.6316984878110994 -1.9908726004834707 -6.461638771400857 -0.6652492673234648 -2.1664757470974725 -1.7249400599785272 0.4318709724184331 0.8553425143942169 3.8480687305332726 13.671205689933458 18.338796118655104 19.062958370972346 19.77636933733868 20.471650082672493 21.298312741450793 19.240056307411937 16.384077777238083 14.29374179968208 12.517689217470679 9.156694308446475 6.7634637617029645 2.989081329875803 0.14762990186888814 -1.611692704135408 -1.5433604220023966 -2.8349450598177426 -2.769279198144896 -0.8422298318679213 -0.6120446614276994 1.568326842364058 14.325646616773524 18.77266755657969 19.324743883833996 19.884666069105947 20.55693621922222 20.704779508381062 19.85380027419268 18.043662784012657 15.603426469983203 12.46574109381997 10.129232246783605 7.487063275830987 4.368792097266046 1.4516996148162489 -0.8423747687492088 -2.369658304964076 -3.5689846254333526 -3.37530244679818 -2.5181485646198305 -1.7759484905241596 -0.032389812196055495 14.165980412782284 18.707580072311625 19.337565551257743 19.873332969230393 20.63462271914306 21.185905586747335 20.844549731648165 19.483689263154993 16.96063668420629 14.064873020579011 11.589416271000195 9.073832683537983 6.0655338947853465 2.802275866726352 -0.47444221417699356 -3.1028270628881622 -4.429605143701259 -4.882141030689854 -4.855823265810685 -4.599912643608984 -3.620738445530338 6.789903863889824 7.314575426492563 6.856317290761682 5.980625758948307 4.790227290098735 3.399895161112445 1.89115576929281 0.3835369241959554 -1.0057716702880823 -1.7007797357728487 -1.1257553953051338 0.17182134631234583 1.652913828317918 2.8875225310362183 3.4592663663290164 4.01854947431965 5.151249443307121 6.396142117609626 7.336238220485582 7.903474279577278 8.21934388270724 11.19699787198784 11.891315134486641 10.22057584185508 8.271792913945882 7.262589584382699 5.714369884275303 2.141488116920654 -1.2502284148499039 -2.2675853372103516 -2.151155981597744 -2.1433184669415857 -1.1133208498296205 2.104272869075198 3.9973633492192255 3.482663135070373 4.436276755737934 5.415658436731096 6.516577216572951 8.015187045395333 9.381349463219475 11.07526077068191 12.96286585807204 13.735258660856235 10.833928584860143 7.869363387286189 7.895329529658876 6.946583139993588 1.8693651858374585 -2.524566633240136 -2.5059298009261823 -1.2591506221076063 -2.1966780378515955 -2.198286555985236 1.4596647333670034 1.5495732285182735 -0.5297839829094214 2.487908774652032 3.778579823844594 5.523699033854694 7.141884305281001 8.313812145821885 11.141812702490567 15.266053038458379 16.843111580530966 13.93210163903046 8.889271869240172 8.854723830110167 9.349130363713149 1.6118542211256377 -2.014119375003838 -3.648144832633047 -2.277363645171062 -3.064037214577225 -6.513307723217271 -4.433066809709803 -4.327672028326035 -3.0951461885821794 -0.4621747240006198 3.825389163647689 3.0073110773514147 6.882637997406161 7.683288871259063 11.373601492277814 17.079917603049058 19.35765219961091 16.20464080578585 11.957659451113075 10.094419226224492 10.594306491287826 -0.7492404589520585 0.9646717864218615 -2.497646183199569 -1.3275688655591817 -1.4501299735746747 -3.4216946622950895 -6.280089843843347 -4.955342021671649 -2.169367325213318 -0.7612472993151257 4.426362627263728 2.2722606470875397 3.6884845261339403 6.992360630875454 11.293077383750422 17.904164969509363 19.48073858846617 15.36937624561176 12.876741064199528 8.036397206100618 -1.7309231882630225 3.845259795252588 -2.513271059742556 -2.915964105780861 0.36480560775457854 -1.3432614846111584 -5.335819710102915 -1.215702898169749 -6.517305508453755 -4.514675471930567 -2.0946430738084487 -1.6581277943589883 6.794223709787325 5.1686396948554165 6.303096516478675 10.594337999321555 17.60441567604544 18.37051476819001 14.250422643333666 8.452494503829268 2.24201449969822 -6.307054920507113 4.4934231613862 -0.9362916821722563 -1.6553181040164118 -5.311248127132895 -4.495928588005404 0.5157326253615258 -0.5094777777296656 -5.017731551349045 -3.755702851827839 1.0398007762662256 -0.28331300459566283 2.7283762691127693 3.326687252349023 4.751297715762145 9.420476513034405 16.670250941440692 17.406134348841366 14.395266026532251 9.42847951845347 5.245919174463012 -0.23028478506148156 1.53512815129082 -0.8778946881754564 -4.713604929548128 -5.016153172831944 -4.993829081772889 -4.212782130529797 0.31063503992215163 0.8089176379185923 -5.418497926572599 -4.530745975759745 3.5260518385905137 -1.9705322489245065 4.326491499956694 3.8835421962269265 8.724655332166789 15.352080533989154 15.891727987866235 13.47070064395359 9.075759345304864 7.984309382347022 7.201034208988714 -1.464984449313241 -2.947441853026294 3.1079021026000593 -3.232851665601435 -2.9434637515375237 -0.9997513730517134 -3.4525073459362554 -3.635371577099782 -1.683536629528683 0.08854356870608045 -0.19071907690940307 2.006267372922978 3.0148753928493863 4.125596283896117 8.639526707274547 13.931562913342502 14.534780112055191 12.949859721680555 11.010693175253435 9.146922115599544 8.773626125420353 3.7525651422024255 4.860207911058611 1.6442249586682107 -9.222721317720039 -1.44338372622448 -0.027409865792421932 -2.0045669604670238 -3.635752471619855 -3.730192941705481 -0.6793263841683799 1.2776642121850037 5.174986689836804 5.029621954226761 5.83687838100755 8.612284712040081 12.610183651414463 13.92905341449717 13.237727173020984 11.93877258508802 11.349958329992674 11.240914492206853 7.535234785491594 1.201766009165349 1.5433321539860216 2.2993543412496527 2.158276174087873 -0.28649618990133396 -1.4479678992833183 -1.5069427318049737 0.08899544035200557 -0.8413444471693077 3.2937617185429464 2.4534690853657084 3.7426953055834824 6.190132309221038 8.514016143756555 11.297562144239812 13.266568402311654 12.872401978370325 12.136471815629363 12.03586660300191 10.739283310967629 9.068472603775797 6.627768265105493 1.2662446951449202 0.6285890940153268 0.35064263926338535 -0.5512025609294373 -1.719743133848319 -2.2363666605118873 -1.5392849068056607 0.33094500633644347 2.9013521999487657 4.064394988544107 5.410273112848248 6.56130638671906 8.324587649608617 10.480275726614435 13.341891917589397 13.485365300016433 13.452032836879681 13.505720510427835 12.533492740057573 10.008432961781395 6.736580176291215 3.912771385115191 1.043438483005754 -0.6378405596350913 -2.0277021535170663 -3.2488459205024296 -3.39144692854431 -1.991959398450618 0.1983464326622322 2.3125124769374206 4.571735180863112 6.175910604679393 6.922653805360201 8.284941531345636 7.191294265950661 10.404764093956635 11.261704335986934 11.861793322573915 11.883248508348004 11.259375711418077 9.757074577736063 7.781571752488585 5.729543834154426 3.4253506336989514 0.7064675952949104 -1.6008996442496604 -2.6650852630742414 -2.5030520734573876 -1.1333004042871153 0.722209531867833 2.339010961922628 3.71578236826866 4.8496183047148085 5.58909291157605 6.123092924900102)
(UseCyclicTransform "false")
(UseDirectionCosines "true")
