(BSplineTransformSplineOrder 3)
(CompressResultImage "false")
(DefaultPixelValue 0)
(Direction 1 0 0 1)
(FinalBSplineInterpolationOrder 3)
(FixedImageDimension 2)
(FixedInternalImagePixelType "float")
(GridDirection 1 0 0 1)
(GridIndex 0 0)
(GridOrigin -85.07032904961723 -92.84396811389695)
(GridSize 18 18)
(GridSpacing 60.123609349656206 60.126573077039474)
(HowToCombineTransforms "Compose")
(Index 0 0)
(InitialTransformParameterFileName "")
(MovingImageDimension 2)
(MovingInternalImagePixelType "float")
(NumberOfParameters 648)
(Origin 0 0)
(ResampleInterpolator "FinalBSplineInterpolator")
(Resampler "DefaultResampler")
(ResultImageFormat "nii")
(ResultImagePixelType "unsigned char")
(Size 851 841)
(Spacing 1 1)
(Transform "RecursiveBSplineTransform")
(TransformParameters -1.4324401581138029 -1.180988309628904 -0.8135353525016835 -0.36389709049821667 0.03111872959573636 0.23567884288031782 0.18587697469949035 -0.12365743260698289 -0.6263271202704 -1.1459488462347767 -1.606666869669149 -1.9929011028440213 -2.3468440423065036 -2.8537701194897567 -3.5044184930579623 -4.1397296468425315 -4.606610638951565 -5.007644572591557 -1.0666795965476803 -0.8446383999368019 -0.46829723047683547 0.09836990252060958 0.8473433631808076 1.1235551811859454 0.7517463674906143 0.2452247422690315 -0.45194805069245986 -1.0781146032450475 -1.6587106673086038 -2.0438115976006066 -1.7947025458446904 -2.117997978953314 -3.34824694927034 -4.411091911656306 -4.913154011034303 -5.375890023595419 -0.676654865073539 -0.5600482759732249 -0.0013499663195155524 0.28223891913695986 1.5997516507623863 1.933668428373934 0.8967358015326665 0.7188035578972186 -0.34925869122032754 -1.2116097055139892 -1.3667887223122814 -2.367634984783473 -1.0568436784809712 -0.6860789209376081 -3.6037033265245753 -4.820554204462728 -4.887228378607631 -5.212983726627277 -0.085381395918678 -0.01239386697066046 0.24126425671721463 0.06983637453773253 1.7612781824214623 1.152039917389349 -0.9909347097820399 0.8760423409534671 0.8360586383028835 -1.53147148511376 -0.9166662416578174 -1.8774314567068209 0.5178547260898043 0.05907871446089641 -3.888896091933897 -4.03706100525072 -4.388348259640621 -4.9121806537920945 0.6175537989161682 0.4845299527968355 0.20236966369816461 0.06251658764216154 1.0914591322028238 0.03798045704566036 -1.5465874271034172 -0.11345439314927608 0.2418898389420175 -0.38580105755597505 1.540085693088682 0.9417795571966657 1.5388657272535888 -1.9479097640633358 -3.232379795733405 -2.390593787242108 -3.6142243613220315 -4.48104325645269 1.368487738893013 1.0120287267670194 1.7538237545931017 0.9116748625564041 -0.8069205975631224 0.3039153648161794 0.6080530909592361 1.7280584664100598 0.2982825554646678 0.14587734549150133 2.1629128538550693 1.630323716689184 1.206573457626634 -0.21534492805226535 1.5240462694052246 -1.480399901680763 -3.237312812407033 -4.117697720660271 2.1511130837593067 1.0101252469416067 0.8342580674997744 0.5501535012797456 -0.8768402786980337 -0.7322587492382883 -0.07186917482932566 -0.41187163299098617 -0.6735806010579006 1.1063977671830831 1.1373253322569656 1.341103182862855 0.7864579163089764 1.0770395328133286 -1.0590603301119665 -3.159710535223392 -3.0235582662470657 -3.863003154542586 2.9949417915287104 1.2471377863577122 0.258173982518295 -0.9746702913176843 -2.333617848302993 -1.3053936292231394 -2.7075529853366684 -2.7560578033919856 -0.9992928623421551 -0.07671915544556775 -0.5752435290939831 -0.5651339717550027 0.17198533983777195 1.402834563020564 -0.6667483124922278 -2.4021723084470046 -2.9245746014526466 -3.6440022757667667 3.9766095237876242 2.1324469727285567 1.2040934487287909 0.5368031272209073 -2.8718599395097 2.272545847009086 1.2634194942453902 -2.647475335682528 -1.5095587536245902 -1.3358700365355312 -0.33721420604500063 -1.0663252878992135 0.9661512162580866 1.3582426345433416 -1.626028979633081 -2.317377725250878 -3.015101127917292 -3.475366554678477 5.283150181241715 4.00640236819563 3.0471618790763197 2.5189890879496453 0.6140189672299831 -1.1270846943718635 -6.5495623961204545 -3.141837729700964 -2.7152949592526103 -1.914781417061986 -2.2930911993581438 -1.458336068488484 -3.5969897439634333 -2.7107255528546554 -2.7597249842061564 -3.062135868795765 -3.382668575892813 -3.448332661585171 6.899021854982348 6.619132132201371 6.418159508444107 6.736937198094536 3.0920085151631262 1.9644779448195357 2.116082440226177 -0.39932404119070775 -4.77442054633207 -4.256384537652572 -4.491741656918088 -4.842767133057034 -4.911265430468657 -4.5562200111647835 -4.183882741014965 -3.9683719253158887 -3.9705509101038454 -3.583740032328265 8.632126621363962 8.88464033499699 9.7576786347274 10.013861626894013 4.967347513465466 4.901115564454441 4.3163593966861065 -1.6070949916172341 -5.443017737521107 -4.697017452973976 -5.759493161444209 -5.411025405461153 -5.775182122966693 -5.907314507310447 -5.377287643391851 -4.854490140372969 -4.638146439952163 -3.8539710517464294 10.300636356960512 10.45001712438465 10.543787232302948 9.268099483714831 5.477294516988545 3.792172022324723 0.9366728027629238 -3.654147151710238 -7.915570717496932 -3.7621368591327093 -4.365608140062964 -6.642213173362233 -6.635210834269059 -6.8787824987618125 -6.288442236297484 -5.626313496354706 -5.313205098912072 -4.223874582537437 11.631268794487253 11.453918541920968 9.883390624419572 6.562751325054497 3.6304195718492918 -0.6325725073887329 0.3983796093900748 -1.6547530307115248 -4.7339032756800625 -4.764366502810617 -0.7015750707540428 -7.533271939547642 -7.527793650574532 -7.47714361900239 -6.96661877519582 -6.311934668364045 -5.968460698844662 -4.6333992494262315 12.554638204840145 12.199573186464677 10.488460973711767 7.079464359868448 3.403005289942029 0.3486262527248197 0.05157148427714203 -0.6247918624960151 -4.341508079646929 -8.148941979712918 -5.340397166692602 -6.232926273391595 -7.462469339759168 -7.79789052345628 -7.449822531046851 -6.902539422501366 -6.5670106142023466 -5.037915307762582 13.068713529960451 12.596529844270705 10.877269656845183 7.788056932052025 4.305989403681798 1.411646725525096 -0.7442251528976538 -2.378819977041854 -4.055598509902469 -5.899257945759403 -6.428732829084498 -6.9755687102556 -7.700805962700444 -7.972385006360712 -7.759555519582899 -7.321199173514714 -7.014202512428188 -5.355958108098539 13.446396623418062 12.942178331911736 11.222583436222376 8.64387308814396 5.673753731582694 2.8829668055832687 0.13220221810463986 -2.075688838939675 -4.005679363403131 -5.725952199603349 -6.731571124173191 -7.4594045384858925 -8.00510528621914 -8.182576852677037 -8.030449097558456 -7.649272213280594 -7.365890331416423 -5.6202535061021495 11.407300483003844 11.00409447605651 9.615455783256929 7.716151706547725 5.531118345398161 3.19939084884076 0.8669513293686077 -1.3172305916831732 -3.2318221434752337 -4.753809481478631 -5.840931619405653 -6.541167460859705 -6.907233287570138 -7.018727798018834 -6.953289546806858 -6.693352159226791 -6.4940715273600444 -4.944634973775367 -3.6820483105937556 -4.064336593936547 -3.711669146244624 -3.342982806802493 -2.9455333913613813 -2.4798077079502905 -1.942775152053371 -1.3334076639879051 -0.7406963779679956 -0.387571178246221 -0.33426439387921153 -0.48622964348763476 -0.8481810666655869 -1.5486048698854529 -2.5032100105591177 -3.4506471818420064 -4.142012953336629 -4.785993431248157 -3.4790600964040546 -3.520709658367366 -2.9064552655636735 -2.6421996847279523 -2.5441845846210756 -2.183789268861428 -1.5749227087805775 -1.2077064848512766 -0.26370394935483105 0.5420178282111298 1.0564274478883708 0.8460871178235688 0.32227437832288586 -0.6974697275983375 -2.142576525485917 -3.4737985139330716 -4.383416806522453 -5.412334645146193 -2.948120227316297 -2.7347358967433446 -1.560325730122509 -1.2745557990445355 -2.2593006162059863 -2.3992059026078847 -1.4881518826739493 -1.4410265277570846 -0.0023989272682016253 0.49889834556075163 1.6260744441456192 1.616298623844143 1.1344783195210821 -0.10747647797453597 -2.173753900695979 -3.352429152674435 -4.1073442660893855 -5.180467625430098 -2.2789825532564487 -2.0893782598624786 -1.045762713350043 -1.0386872232664845 -2.1211313841360915 -2.5130332273424814 -0.6957837862704332 0.4647616616835037 1.5983674269955126 1.0226789630170954 2.495654564535318 3.418030726174481 -0.27058824954407623 -0.37580605090198405 -1.642115354888716 -2.7565706728478205 -3.5423394671561104 -4.864346205851681 -1.5861470532366522 -1.981527848230863 -2.0544981977105023 -2.2172718518812657 -1.0665695707458513 -1.0529541808699836 -0.1359266605953127 0.5273749437880709 1.441804461848971 2.484565034578289 6.626244844830368 5.1353704843789885 0.30713988401113634 0.9643310429842543 0.2758932245753051 -2.0084535137906334 -2.8239118051725587 -4.3687123903575396 -0.8973332677413328 -1.5971856072896198 -2.0948439577615843 -2.134905683621808 0.3168282613518648 0.671095035736676 -0.28001163372411025 0.2644721220583898 0.1878001379664359 2.2255812908596884 5.507293977511999 5.344040309807433 2.705003282161989 2.241875026659435 0.3049593954454953 -1.8545277876752124 -2.0214411126496947 -3.6293859862795124 -0.2942297218228054 -0.7807594110803097 -1.1419691773101746 -1.2484114078776043 0.848546618983912 1.283332010230513 0.6805725925129473 -0.32971447722728864 0.19125908296496802 4.066977193227855 3.357385977283487 3.734656226150859 2.343534208691911 1.7869838817729342 1.0913569501912495 -0.03778975450875134 -1.1325939397715648 -2.677117625223505 0.09426781508320575 -0.11618895504234972 -0.1369906011502937 0.45759314506454546 1.0920832951946213 -0.10981355791904221 1.3097828689700135 1.9705308006856017 0.9628541550774414 1.6783203514033609 2.916629802139416 2.6394450942346577 -0.23563714811196237 1.8620969354532053 0.005386744196281331 0.35408852997514606 -0.25503700447887323 -1.6811827415925982 0.18080791690482328 0.20428539012257177 0.42329027049917145 0.8737790638863611 2.1494740823361203 0.2917802344340068 -1.0305127544184705 2.075270393521159 -0.5412937392961338 2.5528605559660984 4.288392534585981 2.4129925238777905 1.8761781641524016 4.318850434564796 1.2575759670245805 1.1355107541169245 0.6568557869439547 -0.7262554587479352 -0.12394416304037754 -0.44679902933218163 -0.39887481118320456 -0.02368519502854873 1.2584885909120906 3.1874771020227675 3.9486740108478595 1.9616109845963212 -2.466303854587871 4.217887516370817 3.8201286219165964 6.242080795923795 1.6991151203739774 1.9397455348015364 2.0186263586862774 1.7831841643365869 1.4648165978258063 0.1496473813018492 -0.8193050603226917 -2.0324527473831377 -2.727103886554484 -3.9270671369560413 -8.118457759776392 -10.477692679086388 -5.124250995167792 0.3530514758742839 5.11061701037649 5.464894952313656 -0.5307970025359787 2.1326377376665038 1.8158155020245803 1.9137392910295137 2.2441932504091016 2.2586450054062372 2.0820076976097757 0.9110692652044052 -1.824777905741076 -3.8088048907616274 -4.452249415759005 -6.185035561607641 -13.430085269600536 -17.12288481435393 -11.292553942744995 -5.370071132116025 -9.833565293920383 -5.000888455500349 1.2738350018296358 1.311105647812341 1.6602393147823589 1.9817452852524973 2.33404325855043 2.457564421749276 2.446011838995911 1.5380730950130495 -3.020109294507198 -5.473636488276163 -6.146574523213957 -8.174620634588111 -8.950309157627045 -8.674871520523263 -7.264736056645102 -5.5880231754668825 -9.749626397358336 -5.2215670235787 -1.1796241585413287 1.4778708635704911 1.379351401041937 1.6994862713377663 2.0784853200642055 2.328945118296636 2.528260302413028 2.0055023941344294 -4.201427798060706 -7.092368183047591 -8.144152603807964 -9.966686442774124 -6.643461179190092 -3.595453185297564 -4.61989064821253 -4.146224884065776 -3.0761985751194203 -4.924253927957266 -2.655663136313766 0.3686936659451043 0.25384830411551784 0.7471780473813102 1.3407169159229224 1.8673757725224094 2.3164368084996414 2.2706423162924434 -5.247607778033547 -8.544675359603868 -9.584444570506362 -10.120011178433536 -8.913427865322273 -6.125379709442147 -4.994798036468201 -6.0704068991065645 -6.234793630752385 -4.27619742766267 -3.240994249627979 -2.7763349045821424 -1.7509615522700652 -0.785905574925351 0.2230495350455986 1.16154692345579 1.8773129074174295 2.351530134463491 -6.053828570608522 -9.535749059520944 -10.28018763201141 -10.677981269477332 -9.961468138676754 -8.40681989625171 -7.420724989388544 -7.797039168478081 -7.823328135769013 -7.03669238641632 -6.182612378857494 -5.099385648255903 -3.7852236562720645 -2.3844467940133747 -0.9605608414159814 0.36092265000800255 1.3146981137531482 2.290101959792421 -6.622126166137611 -10.264970675727058 -10.939124344532573 -11.660224265618632 -11.775892320141429 -11.480618695182695 -10.94887419072346 -10.71362986175974 -10.400021258901795 -9.624478916735205 -8.460872849551883 -7.013512816369554 -5.360051105094096 -3.5964326746477093 -1.8622527736510885 -0.26995688477780977 0.8583028304404583 2.21149099210987 -6.073308451693316 -9.262958108413645 -9.877747026226277 -10.768094435292948 -11.442296109930178 -11.970560910047972 -12.251672496471759 -12.220054942293528 -11.813863965718792 -10.964793642942926 -9.70039720086313 -8.140205429840174 -6.390737104603941 -4.561107548262294 -2.791181552461389 -1.156031404110394 -0.005746204289681888 1.6430937250782405)
(UseCyclicTransform "false")
(UseDirectionCosines "true")
