(BSplineTransformSplineOrder 3)
(CompressResultImage "false")
(DefaultPixelValue 0)
(Direction 1 0 0 1)
(FinalBSplineInterpolationOrder 3)
(FixedImageDimension 2)
(FixedInternalImagePixelType "float")
(GridDirection 1 0 0 1)
(GridIndex 0 0)
(GridOrigin -94.24630515334562 -93.38950621994015)
(GridSize 29 16)
(GridSpacing 60.2846913234839 61.1752635303538)
(HowToCombineTransforms "Compose")
(Index 0 0)
(InitialTransformParameterFileName "")
(MovingImageDimension 2)
(MovingInternalImagePixelType "float")
(NumberOfParameters 928)
(Origin 0 0)
(ResampleInterpolator "FinalBSplineInterpolator")
(Resampler "DefaultResampler")
(ResultImageFormat "nii")
(ResultImagePixelType "unsigned char")
(Size 1505 744)
(Spacing 1 1)
(Transform "RecursiveBSplineTransform")
(TransformParameters 0.9973250596462487 2.3380908418884303 2.798736340623308 3.274865759535692 3.663482224590143 3.9426311175730944 4.024348183719885 3.9604719967212136 3.7997718918719388 3.6364553842879443 3.555389833178682 3.4391620182995775 3.17124963205921 2.7433286768576015 2.147131615260383 1.4303350177857963 0.6463937456501988 -0.04840586014449797 -0.4898661040514545 -0.8722041195023655 -1.3977394077966632 -1.9629759736692063 -2.4814595816229716 -2.8646234565787103 -3.013553957178482 -3.007971557686513 -2.8802930752747993 -2.6848467963476295 -1.8196188918739435 0.47536080575842277 2.3360018611938465 3.122966340719699 3.864836652389372 4.307776781362736 4.200000276876564 3.5617433295760894 3.1585010813616474 3.3000775973085488 3.7052885008816743 3.77216500022369 3.7261567392281507 3.2177052718618206 2.607441657913598 2.0804033710647283 1.1482702710997337 0.0845709342437605 -1.231466662820908 -1.3472751047373817 -0.9279776765067084 -1.7562445622767273 -2.757780063814024 -3.3671991652528614 -3.8378516417671933 -4.12938053297386 -4.229982041368338 -3.93620751329775 -3.436240728795891 -2.1334901294535062 0.10256345477348472 2.0670784205297474 2.8814048916630566 3.637579288952811 4.35825947724782 4.3869554451516 3.0599690734992073 2.3306025068520824 2.2567212345667413 3.363441006436858 3.419652683086972 3.4837349699888946 2.8167552321882385 2.3000440422424835 1.8185508315854362 0.733421034223644 -0.6649509334032152 -3.448148411416105 -2.521644115696547 -0.43681263351024924 -0.4009947104476939 -3.1524450804811 -3.624104080390339 -3.4127097602941605 -4.507873373460162 -4.758225368465164 -4.274722758080912 -3.5380832689592645 -2.0765944298451893 -0.5282531562275897 1.478414108875101 2.296325609157985 3.46761301564963 3.968120505440857 3.171823853375958 0.7335262841813318 -0.18787743933522777 0.6530339216465038 3.0260247160905096 5.985704670201669 3.214766551719219 3.132911160231791 5.508011794906149 3.0195761632289435 4.507612200956912 2.0699194291022733 2.143598531514041 1.7148716086341707 -2.6442342232609577 0.7370431346596882 -6.753810856540708 -7.063822895436362 -2.3399672329888017 -6.019536848138986 -6.134846903536259 -4.25927030517617 -3.6202498257308573 -2.0268187188539217 -1.3529430633085435 0.46715070223214666 1.8098098948481072 2.9286750588515904 4.000191629938004 3.100010809219719 3.751972285011209 0.171614767947197 1.1205035311012947 2.2031743945329616 4.761608403490485 -1.4485376446088336 -4.4514739393125655 5.5709911615039855 9.854617298307652 9.01240202020534 1.4602197903033256 9.013587796383463 5.904165283130551 -3.348498234433515 -1.4877924584817588 -0.4020145144374041 -4.481358466416465 -0.7194964358083048 -6.693185931278507 -7.237146858290236 -4.569429924953837 -3.60587654532702 -1.939067557281903 -2.3913838525420466 -1.1931298742910255 0.5981893320753268 2.920838041606293 2.593083691277926 2.9180284024299987 3.9571258054693743 0.287075169750219 -0.8442071198203579 0.8998644984441025 4.3397174441555775 -1.436221454728039 -6.335583368963499 2.8071715925950387 4.305340333686704 -1.8288408554047964 -6.528452457972651 -3.1278060778110475 2.966101427179463 -0.06138001002956259 -6.875615541710326 -7.669799768063218 -6.648933978090849 -1.959668366248314 -4.613864401639071 -5.021983539548308 -4.2821820697329045 -3.475332488246102 -1.7921355213296601 -3.563238363362658 -3.4429885653481382 -2.4220275999583842 0.007027431800183624 0.3728686219612194 1.2592081083273583 -2.8276354361503815 -2.9964118998752376 -6.411029815979559 -3.3686489099538415 0.8565219380288778 2.408782151628255 6.1786967004383 2.6609844194011423 4.8284622213103745 -10.361820122385273 -3.1602054368023 -5.7079649292809345 -6.37160525877907 -1.0348590178348525 -0.758045851654561 -8.332405555859236 -14.402406686934599 -6.851147627156435 -3.8498178769873057 -4.644619204381922 -3.447314478190529 -3.087175573508192 -1.5568013929489963 -4.71741329379901 -6.19469771858164 -6.822487667287458 -5.937794659542247 -5.511889549095755 -3.0923575405010197 -4.518639014595251 -8.64602145810781 -3.5765144503493094 -0.514793996205264 -4.613333233815703 0.8859082540602162 0.2111437877685806 -1.2044571843510519 0.7546220370396861 -10.285932615718448 -9.293993930136928 -1.1418352592177263 -3.5423982160152696 -1.7417148060821952 -0.11179600305476545 0.8169251019782647 -8.572028666267679 -6.197222572435836 -4.222215607952401 -6.913939614540771 -3.408281036614493 -2.590315465142153 -1.1847412256304157 -5.7025139906746105 -9.060816656155065 -11.400739066278042 -10.160870674179808 -14.842734188580842 -10.866995913736327 3.71811245451719 0.06052857349172115 1.9821007160631694 0.7618737262623003 -1.2598674276640063 -1.0797825566758872 -3.157941947187992 3.104106053855278 5.60687165288739 -8.78248633487547 -6.0157612648226575 10.303291474910775 12.880144407343977 -6.703285879704031 0.3855826463385165 1.9216481135670753 -5.753787975957147 -7.31413111095543 -7.493728226435116 -6.384750073236829 -2.548033851892395 -1.8704144136366037 -0.7035269381872028 -6.298313148515179 -10.157521946588286 -12.428485626261116 -12.259572981927466 -10.651243058658084 -14.789972073187165 -12.746893975828987 -8.679793621983183 10.885048211969174 6.417356317029322 3.161909621150309 -1.951288633368488 -3.1622439022888007 -3.776783177129581 -3.27556115545991 7.9938658201313375 5.842259498048889 11.457404640928397 7.576387283748743 -1.3128493560705066 0.9406359491689159 0.1558080201465604 -2.400428606034216 -4.620702592441931 -7.910602095032155 -4.771853208119508 -1.8847414028175344 -1.2542178745225743 -0.23470704804428205 -6.460801615227734 -9.814911837019926 -10.574940525848847 -10.55972591750678 -9.980677270866671 -6.263202861943897 -6.854851162505985 -10.91398656670769 -1.934260874033874 2.6156223505568734 3.754717060184034 -1.5563353110598201 3.904656598277865 -4.510299299290806 0.14657064807182305 -2.7018244895717283 2.4441975365558593 3.6312653680975453 3.395802935923592 9.490092243996106 2.2152815251689817 -1.6412697970589325 -0.43852668143488766 -0.8100566838265998 -2.996270249932554 -1.2420255933000974 -0.5185108046219744 -0.4123234069977194 0.17957670570473716 -6.299376010236182 -8.601807045942307 -7.494751266631853 -9.346726722633806 -9.226145422706153 -5.734620289779281 -8.137739906735554 -6.6071106133875235 2.206887262451392 -1.0675949081941312 -1.332937709701082 0.13020979042706574 3.356033206198188 -5.845011275038622 1.836209350239426 -4.404253143908967 -2.849291504232496 -0.8532465794366265 3.15640427211956 10.247304452114493 3.560671908531242 2.241326298801002 1.2197731869048705 -0.18401665712334647 -1.1174660558564125 1.0983719352674886 0.8818988208921863 0.46856599196919413 0.5480427032595363 -5.943623066934718 -8.024732667087005 -8.067551608960656 -8.338085541707452 -7.959353240623032 -9.193373901082955 -8.376391875064794 -5.797198777822758 1.7974320545801987 2.2416612749612344 1.2765006871809155 4.4527331184204275 6.963484694456282 -2.115017523984646 -2.7574696224615503 1.2967175892865799 -4.663229393823568 -0.5840289031733946 3.2350508670872875 5.063537385556678 2.966084943522925 1.9838488806657086 1.2904291982950513 2.5277629167127427 1.736112166376979 2.1801277799540313 2.5781398943938183 1.4774704671078414 0.870262588764734 -5.522182522447517 -7.31591614845952 -7.489135785022874 -6.940817124707115 -6.245857544290679 -6.846314919116328 -4.910630803446821 -5.399930175977338 -2.768678039039092 -0.9897890509334636 0.9540583744120131 1.6815959535881158 5.02795698948749 -0.10425874880684582 -1.6786512072417377 -0.4952865863525716 -4.23772027961996 0.2769590150148267 4.398691044129801 2.6123070948295917 1.7378798857053046 2.818850238207983 2.214798946309027 2.7821229834936276 2.513648228100559 2.6089855821823633 2.58706379210662 1.9224954014088702 1.1707860910729386 -5.285505502417492 -6.954506547683719 -7.153169213689239 -7.105340459353926 -6.8302989078930105 -6.339807914534643 -4.9069931009385375 -4.174975579588912 -3.1575036217043557 -0.7886649648380644 1.4056210457435456 2.2278004036801335 2.533588576007392 0.6505087644319747 -0.5042691289650133 -0.14188417378225363 -0.014419998033008974 1.4393089178778027 3.2496776683936344 3.307264148311581 2.9773432378217746 3.413035441592986 3.129594685073644 2.764012482405704 2.7542549808032653 2.6630077738776126 2.359837963396586 2.126966663527002 1.404453063975426 -3.9224507427225515 -4.902080752375328 -5.06620087664886 -5.075617234936025 -4.841515586497662 -4.387262894037519 -3.6802844703559052 -2.838242341436225 -1.9740124867033988 -1.1312245198238655 -0.4023535879434249 0.12678054314885634 0.4014880018686097 0.5564167047796309 0.7642101124645848 1.0903343285017597 1.5562477185975379 2.125148981042682 2.7689122495440066 3.3345344710370393 3.6854781326207933 3.8213505586755594 3.7007809538399847 3.4470209961069886 3.1793518661051636 2.9400397226068065 2.7194466218885047 2.5059412925471687 1.6064224066677177 -1.8114651787514435 -1.1871693195045905 -0.7978803587168581 -0.23672150993501145 0.45619745548941615 1.2129710131983136 1.9274495693881522 2.516278115676847 2.9139596998329713 3.0825094832148805 3.0003986373628813 2.7290766128509496 2.3260903385862064 1.8471416297914793 1.3484822168061854 0.9164724262561104 0.6238255115371538 0.3393896661600555 -0.05379449321629178 -0.4495673218831579 -0.7324062002961634 -0.9159799117718799 -0.9997345340099265 -1.0158409853224835 -0.9931544383364733 -0.9452998873764287 -0.8573189369622632 -0.7461438485449043 -0.24947369228579142 -3.197689502754558 -2.91218283808213 -2.5436381621320403 -1.9184877848347512 -1.195480742295295 0.05065995286965772 1.906857846565282 2.9678412813349206 3.9668098175935755 4.747469030489569 4.017940266310994 2.9469585247424748 1.9186692689336513 0.9839788691199303 0.4805299638059683 0.5505416447872837 0.7774998827632121 0.7263169858798036 -0.17286352397036492 -0.9983057533609649 -0.8823554628898586 -1.0608430159539404 -0.5291618490626605 0.09745836158903544 0.19480884498184664 -0.06342879715888333 -0.1811196326182027 -0.40611309020821557 -0.21872362334679818 -3.6560949562752802 -3.624694162049192 -3.2186419551238097 -2.7231396723616443 -2.5759571436526945 -0.953115085516661 2.7438937558041467 4.11591622400027 4.5958076894998845 6.121643807931942 4.170626296174547 2.188678070933533 0.784567085053753 -0.7226131762670693 -1.2900648181467627 -0.5267856439881723 0.8120614192761321 2.876501719967053 0.8136742593337981 -1.3012898028647268 -0.019852391359706168 -1.365872309611066 -0.4248574926009229 2.4158967000070066 2.2488530219195337 0.8174709298745934 0.5510982547648449 -0.10094457528772309 -0.18101476641318126 -4.3171537025624565 -4.63448984865692 -4.07970018953138 -3.665430669036864 -3.8147501521379645 -3.050348439759709 -0.5308040642105407 2.22461069912584 3.354169685625584 4.705730922050767 4.477043813564672 1.991568336842031 -0.4441999494819596 -5.797434919946715 -6.619476720720361 -2.6266420474867647 -2.266178598365887 -2.845710071714733 -4.103091199169788 -4.469108895979343 0.3890289905803163 -0.9923247122028946 -0.3695565840737031 2.529736433331945 3.302993402420881 2.6204890351541983 1.4761901678997957 0.12687657594631507 -0.1575631485077209 -4.932301368686327 -5.6457432841533235 -5.437521187212695 -4.094932082646545 -5.022655188784795 -6.235853371091604 -4.824237289565332 -2.560836435289481 -1.3060060203370054 1.901164850002984 -0.3188583525338515 -0.9229563216577329 6.160559864325918 5.714938512011152 4.7180811870038015 1.6353320886783467 -4.4033017639735474 -6.014699902509378 -6.829089902825686 -7.2231177243993345 -4.702028656293142 -5.288356456374133 -0.8037176874766587 2.8422441515950143 2.3161118086374173 2.0952736470809126 1.4395192205719882 0.15483509941792375 -0.14298437189730842 -5.4695317314133485 -6.695041414453346 -7.312816339771571 -6.778977092009685 -5.35894647821391 -7.285093396403515 -6.703160505363287 -3.995762575493067 0.1938356230180984 3.070116461812887 6.7605578065536465 4.724777126389289 4.68285953470019 15.427054768835145 5.4545941823296715 -9.24448199420177 -8.35374259323264 -8.921783799006274 -4.986110449430042 -6.631474692270694 -4.203115106619677 -0.128810185399602 1.9890531119452322 0.6919840054097742 0.8415402194654007 1.2053210855483 0.29531750997657763 0.15068093375237654 -0.058737152626097314 -5.859499796606143 -7.576688224517491 -8.849582888000672 -8.973907432172743 -7.422660747306821 -5.098697335553193 -2.228556410221545 -0.43684631497980164 4.717397438725925 6.080617852495811 3.407190094427308 0.29029206208905295 2.425073884210903 -3.0322180046100304 -0.682167451022389 -3.265546432726702 -1.8599683528605002 -0.6308392009104343 -7.267053011539055 0.8202486653524662 0.6917916384055058 1.5879732343353568 4.937742149835356 3.5458314863072142 1.0669405430391217 1.0126954149279817 1.5995338962776617 0.5330179703667172 0.0486010080184079 -6.069341437909737 -8.00807367326543 -8.189583810466782 -8.026151642465527 -7.401571551801199 -0.8962172992727933 -1.9295297025345692 2.1193566145964464 8.99539603343757 7.256380171091163 0.46392506700165914 5.096668233783914 1.4328707514390915 -2.6359788781021147 1.500706522445795 -5.268516839951534 -2.4849016102318484 4.778507077562573 -1.0148060281011726 6.738868410565437 5.529420561823109 3.3539469404997106 -0.8040808082202681 -0.840065441200504 -1.7887566259524923 0.02518081574093196 2.2296483497723685 0.3511224327987055 -0.03753112262321962 -6.096320043499051 -8.123954385036003 -6.987262723400579 -6.047666689152476 -10.933087144582489 0.945766495022295 -4.739297815563199 -0.28800742114311983 6.130235841020823 7.499885456587513 2.291549544649973 4.8822180179308035 7.572042212628506 -5.9500363703497765 -3.412221071641352 -8.257130617310992 2.8315181638960927 4.998402476183751 -3.653929537281805 -0.7269998332497132 5.71226456645966 4.268587826304591 -4.045189636858318 -10.727058276400058 -8.610100178062496 -1.0328080920013711 0.009158853669709392 -0.5875819293464197 -0.30689921243706025 -5.976393399652201 -7.500115547813638 -7.598076326734241 -5.730560044488227 -6.199967512295528 -5.050018780413363 -8.575289722591632 -7.776499348769033 -10.57791081274292 2.784642606458084 4.6244283552630865 5.244622086106022 1.7454433607424857 4.917208908112738 9.243914228606737 4.868669859515406 2.904436160701252 5.257673521844105 -5.049940182419894 0.5900185488848698 3.5761393935040076 0.5174120280407636 1.7847711112938047 -0.996722638574527 -5.857122863888851 -6.792570320603258 -2.5102456630110592 -1.2904814010078236 -0.5211909689356269 -5.743291171840728 -6.631098383619249 -6.133554082328287 -6.650204943658214 -7.764895799846193 -3.7850847613566305 -4.628044815582741 -2.4345068687163502 -1.1856385179311342 1.590926759467327 -0.7588374108840144 3.3323501338278914 -2.9060937704880603 0.7975226107449682 1.4615178735950325 10.195616214943408 6.414820042072776 0.9897512700026605 -3.226924283207375 4.642262690381898 -1.5421283588332066 -2.395186699187074 -0.4809627660649426 -1.9672153083043926 -3.1660527330707464 -2.9582482187662857 -0.7314544033103686 -1.4171299355776439 -0.6214790698285053 -5.434342341767651 -6.317066683065195 -5.810529192806172 -6.033364773138931 -6.9831320086690365 -5.412172915392574 -0.9167564246343664 -2.6806533818931024 -0.7584683218006057 1.4894275064932627 -1.3222866167816165 2.9466614711696115 4.855928064872484 0.09724534473598866 0.5521293928197492 8.91817817808844 8.338011826639388 2.826415852882493 3.3485625372535033 9.022898940121733 0.9805030591700872 -1.3237635956077327 -1.3561003910554716 -4.667008912271469 -5.155550448005439 -3.826394644048135 -2.070515960897876 -1.7838737994588414 -0.7018412723618005 -5.094654452660581 -6.102287563735344 -5.95881923043566 -7.754121024722869 -7.058043257560794 -6.7033315432573435 -4.434358463772119 -1.9196164230213604 -0.5455939852221391 1.289635406429411 2.232777125336822 -1.3361347642436818 -2.921530751044579 0.7283081086470347 8.395694706654831 12.090246668559281 9.607493350211193 6.009657339977419 3.9509110137667993 2.5007976044613214 -2.181302423269267 -2.833716880341417 -3.605826585869937 -7.01526009558465 -8.0115888898143 -5.519962501651801 -4.172331999960803 -2.349449674233622 -0.7829300569268199 -4.702541661441251 -5.809906758663518 -6.2350783564745145 -7.538021824756161 -8.023955665248094 -8.493424724302777 -5.197808980217398 -1.3959271783486258 0.5208128742987639 1.3987855381198424 2.967139956312439 -0.6655051338500482 -0.111420758919343 3.747338809246703 7.5966505349377 10.72256013025401 8.239225385390125 6.712674168396794 6.575721275729394 -0.18714932613147697 -4.787190638438263 -3.5977328123805425 -4.756495486230916 -6.876831657212626 -7.071537905769372 -4.89861050590605 -3.4106169679395673 -2.238826204037842 -0.8429298709466063 -4.450162085985234 -5.5171874421738165 -5.816287646126298 -6.091436730345647 -6.287849428847714 -5.894874820662357 -3.6170371998555644 -1.604932586753452 -0.46420945672666125 0.5487446133952613 1.2872891488489666 0.7900014392619927 1.3050549551066866 3.3424567327925137 5.195664208876514 6.697718517456723 6.685844715538612 5.559048970509111 3.91444274627029 0.7269169599478187 -1.6202245651992135 -3.093986829571477 -4.129123415126213 -4.658435080576643 -4.466177885100055 -3.7103624979636987 -2.8303914713848326 -2.1210612336795167 -0.893300699361904 -3.1645263301181807 -3.860818340930891 -3.9853789097546186 -3.9989447825339006 -3.8303851077468543 -3.3860642596401176 -2.5325780088402006 -1.5107811165245417 -0.5471357910266528 0.3720151497265518 1.217191037348827 1.9874352676389855 2.731716725742835 3.419414039874038 3.947919835408951 4.1731918394356695 3.9417978297143605 3.2249180844789596 2.0147277904480334 0.6706745478841981 -0.44874686553112336 -1.3008242307759827 -1.8027181194744852 -2.0412813489090382 -2.0995773748666666 -2.0060041134486473 -1.7516940063829862 -1.470229471763043 -0.7847209091947409)
(UseCyclicTransform "false")
(UseDirectionCosines "true")
