(BSplineTransformSplineOrder 3)
(CompressResultImage "false")
(DefaultPixelValue 0)
(Direction 1 0 0 1)
(FinalBSplineInterpolationOrder 3)
(FixedImageDimension 2)
(FixedInternalImagePixelType "float")
(GridDirection 1 0 0 1)
(GridIndex 0 0)
(GridOrigin -68.56567360378787 -90.31979393644016)
(GridSize 20 11)
(GridSpacing 60.00621459281704 60.03535260207714)
(HowToCombineTransforms "Compose")
(Index 0 0)
(InitialTransformParameterFileName "")
(MovingImageDimension 2)
(MovingInternalImagePixelType "float")
(NumberOfParameters 440)
(Origin 0 0)
(ResampleInterpolator "FinalBSplineInterpolator")
(Resampler "DefaultResampler")
(ResultImageFormat "nii")
(ResultImagePixelType "unsigned char")
(Size 1005 422)
(Spacing 1 1)
(Transform "RecursiveBSplineTransform")
(TransformParameters -2.311240167677364 -1.9776433787437104 -1.3977750085660519 -0.9429188475287004 -0.65906398324043 -0.080708312235081 0.8538213325031822 1.81657966077874 2.7920643709679505 4.067497573014836 5.568280170119161 6.844468954705464 7.792358537450636 8.612739139147939 9.2982720240148 9.662066074503104 9.704680321729905 9.420028044753584 9.190549864547881 6.814347684527743 -3.665720819750393 -2.8062182982417605 -1.8290434235189383 -1.03079333534158 -1.7198019446261896 -1.402786249034465 0.9423256091562872 1.0738094766967283 1.153215071398718 2.628979667680055 5.470683498306023 7.569502250653723 7.632549833347381 8.080801703409685 9.017608513729547 9.36928416818458 9.816998055939898 9.96902818846458 9.885132748833177 7.5777338470324604 -3.6330949548535028 -1.7723293439020977 -1.2257345234978463 0.895339076363268 -1.2372219672446338 -1.6798386748816645 3.7094097687090333 2.282239560109899 0.8000042040752269 -2.263061804382008 1.8172537982236803 11.361075772815875 5.008910137235973 5.493665076201289 9.824303396412718 6.805082109415768 7.425386615208357 8.86422093763543 8.687715308230212 7.148316601082444 -3.282250697010794 -1.339485386811087 -1.615832338246863 1.1461880201618648 6.881891728013603 0.5118042802036368 2.496461322618687 2.008582094460071 0.6753636867418513 -1.0147272982483737 0.03496555810403084 6.783527484660416 5.580893886685939 -5.14491678227189 7.528759135181281 3.9338259319309903 4.6480991015832105 7.216665916285461 7.483921109048419 6.2258084864837855 -2.6285837295681467 -1.266558234816979 -0.6492698752954607 3.1254796767576467 5.709184333241714 -0.3700361736782291 4.653922183272794 1.9244884122964232 -0.5899914242526225 2.304699046085469 4.10368282268326 1.702314520136106 7.461273931744723 -3.314092024829358 2.7786648630867807 2.735042479181734 2.7277428753900086 1.5642387994843645 4.199121996039602 4.7075091869557575 -2.0043397843829847 -0.270110446749763 1.4906084726361966 3.549273370660036 0.7846873943855239 4.147767540040992 2.8096392595444133 0.154681592268083 -3.018398129057805 -0.615281761085394 2.4343782257387856 3.003363449467954 3.077475833696275 -0.711729455871908 1.3799219779063114 -0.11398153645071263 2.442383835968656 1.181362490098886 1.5648881011098215 3.1586782381546876 -1.9593984766264856 -0.950876172341817 1.201964362049418 2.2151219825484927 2.8289889119928073 1.5688774992757943 -2.3491751956031908 -2.109284373079781 0.7859026522893436 0.22936958703052937 0.20249289950163193 -0.17467991008400943 -0.28969355030628635 -0.6354749198939377 -1.7693636308807028 -1.572638917500705 -0.012749207884788017 0.29939387156409447 0.8423667907675453 2.108719042320186 -2.033919703266127 -1.5544291444343188 -0.46499021230543136 -0.1297436435688466 4.067331986103916 0.7896281323174918 -0.5280055934175409 1.2745841137657492 1.151926031821346 1.5880171914509242 4.8746631041970785 6.221897060746359 0.1945525376616914 -1.927383602005678 -2.821128683607804 -1.2088051157959427 -1.8212519827755824 -0.680867881106222 0.5310114538392805 1.2534563918626105 -1.8323237258137062 -2.260918951346302 -1.3848134562057501 -2.5091536417054225 -0.29857394975078433 -1.0946556336876074 -2.321722453661748 2.761101317245062 5.118433482531587 2.587835864006523 2.245759717336206 5.063395573092024 0.6744097894261037 -0.5553388049625954 -0.9897810004037008 -3.375021913531353 -2.2469777046810915 -1.2983159739803263 -0.6643771629994581 0.18501648770799053 -1.5796238599472772 -2.6973497364483467 -2.6816369427120312 -2.967934106639888 -2.645707602912584 -1.3465896039403833 2.0561277024807425 4.8163408218236405 5.873291874282658 5.00797370321551 3.126061206288202 2.0253699364360167 1.0768713832659007 0.4459914934549233 -1.1761723517381 -2.389008662010256 -2.6482295392728643 -2.314760411768933 -1.6823846752513616 -0.739586801627576 -1.293039801013201 -2.2483393942460395 -2.6264096314314194 -2.7915886126751857 -2.275763503830386 -0.46933134761498346 2.2491849527379744 4.191665150756882 4.863646249281821 4.660151029655277 3.825291459172536 2.8073707318592813 1.765134576967759 0.5179610198592819 -0.8513584273330321 -2.0117706238132014 -2.7837515228305993 -2.9677036010973183 -2.735333545080021 -2.2492186146717814 0.9292622863144039 0.3903904064852562 0.1727592344594584 0.08619813381996178 0.05144668776324256 -0.7193770604039241 -2.1594998376102543 -3.432813446208809 -4.301762394966324 -5.014812034591457 -5.465793853397532 -5.249145309812313 -4.218789094090864 -2.3274492058933935 0.13746759116570614 2.413481084638746 4.18209905453802 5.516221869661222 6.279450858728911 7.457900660081152 1.3417316765105944 1.0782883796959144 0.627403714203188 0.8251487713526368 2.0986201258772463 0.5813042442141759 -1.4965180583927047 -2.493604101304646 -3.5310145796889603 -5.005486421414354 -5.9060332231851635 -7.947712227090529 -6.735657444653169 -3.584871854197449 -0.3448252577280869 1.9804039180403712 4.3836481745094975 5.987959426825028 6.73886096122141 8.118298922070014 1.1873004373020581 1.0632372480985115 -1.1920584204436189 0.6140732957970998 1.5381651142860748 1.596030799182759 -2.0837388044343306 -2.3080103346408087 -2.4391564382346105 -4.4334791624401655 -0.9764830634930513 -14.145628465080119 -7.258188134075948 -2.180596330211962 -1.125255136473976 -0.6516015274352976 3.1563728955473342 5.168504327626005 5.460017694522291 7.414955724053442 0.9090329713581832 1.4089642447160617 1.0256693042872367 1.8084205817432635 -1.3325598140972228 -1.7929638280094355 0.3738030559974858 -0.6681497593141265 -0.0370558985018978 -2.0103358550138313 -3.222721670514483 -10.338436572406964 -7.334620855607146 -1.3939792507851405 -2.0220806190789204 1.5252729910912048 1.8874971193266372 4.082215388417625 5.1728856351146835 6.4366312531864915 0.7940974840686571 2.7592942966422127 2.5789624815299588 0.9870515459205607 1.9674443096912153 -1.8366195736372182 -1.4856481682115834 1.4098308810154891 0.8609838064375663 -2.685099723613582 -4.400163486357287 -4.620844205105462 -3.7302087192938975 0.4796875718665221 -2.715263053289634 0.754826441625617 0.2499319383027178 1.336527836320343 3.7797237680590525 5.458977881269288 0.4637840692037824 1.971217172581681 -0.07934795279254332 1.951035033898043 2.7289027152688585 -0.0806317743920787 2.7594522051976482 4.3752636800985805 1.1356944218092462 -2.5842885221963514 -5.44884888320024 -7.051214993442563 2.960711050035429 -1.487486884005759 -4.5954084798437975 0.2792257909189122 0.9613896300210913 3.0487465416344466 3.1962274820634318 4.679004615634576 -0.24899710477286613 0.6728705050830807 -0.3106995251028364 1.3915907330241521 1.4365512804020835 4.929305570836287 5.499730695378587 1.9126296602084387 -3.5416543357688655 -0.9894397836816046 -1.8912718642437336 -4.852092568053022 -2.348621481644624 -2.1037450226359007 -2.850841225366607 -0.2985850697072771 -1.6378698920352943 1.6234428070592115 2.9397533139382146 4.24098489258856 -0.8492343391424665 -0.7943616921759786 -0.9476390489319628 1.2327584156457365 4.732836185153771 5.302193836074648 0.06551370755551623 1.3134388238602106 -0.7978324623779744 -2.970652884268959 -2.164524221704381 -3.978340433808143 -1.9619181921197317 -1.8356345112325319 -1.1334069112332004 -2.6077899390630788 -0.8020405700528624 0.38335986022713425 1.4734970781277825 3.912625473236408 -0.8930727363001516 -0.82102692603602 -0.9107634205122648 -0.26080855986002677 1.7159596133556807 1.439936833478134 -1.3206711990819797 0.6445507519751846 0.7761650263038564 -2.1049832854788324 -4.325512173747444 -2.430134241670398 -3.45936212536257 -2.934827093374458 -2.326621328227177 -1.5353837178165328 0.08542322060380089 0.6655109231058154 1.07388839795741 3.5513842913869125 -0.6751581374957111 -0.17703353758878504 0.14749300211120198 0.2759737913227664 0.02297058425119685 -0.903681003125805 -1.8938323847472431 -2.8000425453209594 -2.7584189572774442 -2.868165331614311 -5.174867434564474 -4.501234270715062 -3.248217196769351 -2.4196694781406474 -1.7249402549200634 -1.0165568073424474 -0.3144644301567835 0.392233758113406 0.91423339509794 3.2164925123189194 0.054384999495648526 0.6461048171814406 0.8521543857936478 0.565610486390608 -0.3372929546651736 -1.4483106794891432 -2.5056957994145743 -3.1834521471321144 -3.485126487401673 -3.885720858230371 -4.345588269284081 -4.204578271874143 -3.494130212629282 -2.7948080388775267 -2.2385157053417712 -1.6458369130089767 -1.016060098833964 -0.32493676501275287 0.1332513716814099 2.089715546681785)
(UseCyclicTransform "false")
(UseDirectionCosines "true")
