(BSplineTransformSplineOrder 3)
(CompressResultImage "false")
(DefaultPixelValue 0)
(Direction 1 0 0 1)
(FinalBSplineInterpolationOrder 3)
(FixedImageDimension 2)
(FixedInternalImagePixelType "float")
(GridDirection 1 0 0 1)
(GridIndex 0 0)
(GridOrigin -67.20990558539839 -64.07017942800782)
(GridSize 18 16)
(GridSpacing 60.147829035551574 60.194091936689716)
(HowToCombineTransforms "Compose")
(Index 0 0)
(InitialTransformParameterFileName "")
(MovingImageDimension 2)
(MovingInternalImagePixelType "float")
(NumberOfParameters 576)
(Origin 0 0)
(ResampleInterpolator "FinalBSplineInterpolator")
(Resampler "DefaultResampler")
(ResultImageFormat "nii")
(ResultImagePixelType "unsigned char")
(Size 890 777)
(Spacing 1 1)
(Transform "RecursiveBSplineTransform")
(TransformParameters 3.3505581289290918 2.8363179889435166 2.4580172612748186 1.8633477233317242 1.13002499331488 0.2296069521839447 -0.7400887565113696 -1.5365019730013711 -2.124006270741061 -2.708020619500262 -3.2049937401496718 -3.2014007166840863 -2.686660483023211 -2.0201364928238106 -1.3668708992599532 -0.772794506361073 -0.3516719241302219 0.005891749515616861 1.856103450846467 1.6091941271144214 2.0450710031763166 2.576086781533536 2.824296433274304 1.8077970578832334 -0.3745994886896633 -2.022524927527798 -2.9851382043653674 -3.8832492801721417 -4.561641882204226 -3.534736075315781 -1.172400319972551 0.6744285702598005 1.5679766764853007 2.09699269936555 2.494529997698462 1.7869169597526753 0.9137588174208842 0.83448450708366 1.6064013021768928 2.674983044004608 3.435542451922414 3.256104211344657 -0.6915077236795399 -2.0989870021958805 -2.0180705009271485 -4.678789592377703 -6.2169670406950175 -2.5380190884153175 0.4532181347223045 2.567188062198327 3.3322052435505043 3.5968501520682006 3.8215910585206374 2.512876435878734 0.08045197235886759 0.1556990070369077 1.15776891288165 3.014122040725603 2.8638893448021014 3.122325298431443 0.7724413206381772 -0.23585022164713088 -3.793631347416135 -3.1906892341455384 -6.455168233872116 -2.681253931531669 2.8429671631512012 3.8232553369204845 4.358986364389565 4.661451369202457 4.9082937802564475 3.1291337184260977 -0.23901620623222014 0.10000678121359306 1.3624655198347337 3.9313079901893127 3.3214019474606613 4.046114766989423 4.076805512142445 -0.6029532504583377 -5.573245876031949 -0.12933451953538008 -3.7508630902227744 -3.4172339512197327 3.2174820062677716 1.1021960115298461 3.4909472662469603 4.2676064671756455 4.997118653425706 3.211938928316958 -0.14356382574381235 1.1185619653514427 3.5276518655285165 0.0944577253252924 0.9462965024564249 2.7306364592840957 1.539777216620042 3.680230580323877 -0.4555506224807524 -2.60890363032582 -2.0176878693209277 -1.1858202170050203 -2.3563722316540034 3.215254994405884 3.6087723101165254 2.1766717303088923 4.061552276493158 2.8327492904096307 0.22826412643318147 0.971281740115544 2.5486168396207987 4.827683273529426 3.5001260736194433 4.67167013979177 3.95829584364068 1.9253682518771593 1.0224823056832602 0.9733979051191178 -0.590995632469855 -0.8461463413475566 -0.9172855012364215 -2.129591445131616 -0.18546723241242935 0.7544707110706238 2.3803130057642274 2.0054571862608848 0.7204262089206862 1.5634238908748046 2.1942548316306882 4.2048587014469545 3.0545795293967974 2.526096868458341 6.15567730661542 2.046335546227602 1.3434333916299168 -8.218059883114758 -2.5196756999528236 -3.000991849624772 -0.6052282775653945 -1.8242478627985492 -3.2298748246038627 0.4292429862063217 0.5534871222259168 0.8409388829581498 1.1267443610084482 2.3248827469321225 2.7602654324090703 1.6249086066963736 1.24812381018107 0.7124606307855342 4.765482398676698 2.6956350429681235 9.225131840385503 9.533600317991581 -1.0040507075149607 -1.8853855878231238 1.8739704002637239 0.9467472540562221 0.5376742654151626 0.027870903424181966 -1.2670321389171537 -0.537330339714138 1.1646225939849169 0.611215481131648 -1.4984221147880443 -1.4861167873025651 1.369367429345401 3.134047504025613 -2.7558662288171347 -1.4386050790983302 6.583254354060638 7.951985713927056 0.627491551758967 -2.6229984349438147 0.6915008484320683 -1.6976296378144144 -0.7561014716797702 -2.553117596779801 -2.1245527295905067 -1.9953816384182514 0.8197431518230905 1.4955995991769124 2.820646411389872 -0.6520903044530967 -2.6591431704089312 0.38193198856261745 -0.9879997324357169 -1.9130595264987507 6.3168110331202145 -1.193820244994414 2.207589480667491 0.9842436992335553 2.591758065853804 0.956642210872151 -0.7415681384454189 -2.570812283389748 -2.7463112557912495 -3.2770702053748 0.08898119143581054 -0.13846611865222402 -2.523308605622738 1.448906748252059 1.4359251620119815 -3.189231044270731 -2.207527225747898 -3.7118419807300587 0.23010340722448555 -0.624334022701536 0.4293187186751499 1.9775060169100687 -0.1708348977363616 1.9964363140024661 -0.14027721333474255 -2.359638109810517 -3.314330441566494 -3.8899112622818866 -0.9346852135007314 -1.5133135439240673 -3.962796043765771 -2.373874435174333 -1.4940890765305908 -3.603308357396914 -4.343847948419613 -4.09527121747282 -1.8597839286216689 0.21390173815963343 1.8549262757499785 1.6971221414514202 1.9814608846149562 1.3641377367988252 -2.5113955044854057 -2.4621566187929163 -3.374854287599851 -3.7598398583517563 -2.1647719751820387 -2.848018303950769 -3.788630338714094 -3.984067985103609 -3.1523796617310915 -4.38198936143398 -4.5468240387289685 -3.7381360731913715 -2.078287166763078 -0.48263965140868303 2.617137450518196 0.7676283802838073 4.369737247950748 3.3771202235571343 -1.2958747649658546 -1.8138190105646037 -2.6475645540846084 -3.0301971511258086 -3.192439242528859 -4.031587043012224 -4.632745793814584 -5.081014704839199 -5.096050452657868 -4.959753361467076 -4.321372390673635 -3.104376934653719 -1.4609317444834509 0.1052339025875925 1.6127109666728323 2.583849141745497 3.2092635687737423 2.5162952453657854 0.6110128518933389 -0.8681706133587472 -1.658229683391938 -2.2374081333072477 -4.750397409287629 -5.34141444523339 -5.394913943491018 -5.263492442523491 -4.795735729971459 -4.014232988835069 -2.96481345795754 -1.78149377912704 -0.5664490139018283 0.5905797578498273 1.5834748770406446 2.277871732372969 2.571352936533033 2.368514524173383 1.7695742910897745 1.1061300457258694 0.6525116963690816 -0.15737249560036828 -3.489831852585614 -4.677397566787389 -4.947107065654906 -5.178392812719692 -4.997624268941681 -4.032276817493375 -2.353638173532224 -0.5659984183742697 0.979777365422083 2.016383890185343 2.4296359979077407 2.1471122684849298 1.3579674665177717 0.5910008255971472 0.043392835772883186 -0.3510433085675446 -0.5734024176498096 -0.8047713526772721 -2.7234427260428964 -3.380077780192283 -3.7737627422740188 -4.862721501965159 -5.924479573801381 -4.723088454393467 -1.90299816275609 0.18512999575869363 0.43866329098049894 0.12322019119844488 1.3637307644089758 1.0010152890302282 0.41994699931879725 -0.13878922049309478 -0.5843102572998353 -0.8837291668435204 -1.0167649008350366 -1.1897094162500337 -1.8804064114524168 -2.0548582391221855 -2.4399651782610534 -3.801413200567471 -5.051942217873883 -3.6529148544652745 -0.8553025317583571 1.5475965600099566 1.1768113301081864 0.23521774027744768 1.7849464982813739 -0.5896148742810681 -0.7771787201591746 -0.922711323660407 -0.8813206758917208 -1.0090601195029847 -1.07126212506892 -1.2073364192142655 -0.8032828253585625 -0.7805778015328428 -1.5144118492288103 -2.0519056877528117 -3.8842620751446706 -7.067641847122481 -2.3036194837968225 4.1409547146670205 1.8297340561527362 0.32312817522408066 -0.3751855701395072 0.7181601707381128 -1.05615696072987 -1.0887710708973777 -0.49476100746574425 -0.7463988732761723 -0.8735041952239796 -1.136172139204403 0.1969976668232131 -0.01441521845897302 -1.7838929873261944 -4.1394366883557625 -0.8279853182123814 -2.000606552913075 -1.5998539070051034 -0.05787411405049353 2.0606529761039276 0.7364587624629615 1.043174383223573 0.9687107524016532 -1.092580753040519 4.206606128425555 0.5803209080747423 -0.36107726667866313 -0.4642688584811925 -0.9072940835859623 0.8329360012755755 0.12512952436240923 0.34187974127229837 -3.092314382332941 -1.0090023580487202 0.5262042505615202 -3.5005217080145075 -5.302122719629324 5.459810064478518 1.207169115989625 3.810830693300721 -0.5224684525024397 -0.7857256245965369 0.390461277491373 -0.776671570729971 -0.5085480633006654 -0.41002101479490577 -0.5417714580405468 1.0479160267562118 -0.7513171673977331 -2.239516366725952 -1.6736310828020982 -0.5318284341424929 1.8151877400723186 1.2145362943917486 -3.8118892359655825 -0.14176569292410368 1.2633809745988192 -0.12178072509348811 3.432016654069004 -0.1977988436545163 1.0356360970593372 -2.462455417477367 -1.2454007791564168 -0.684470390152513 -0.16825971439223883 1.0601997677344555 -0.6266300761671413 -3.3949224092241312 -2.7528887716381942 -0.5454945923147679 0.045093860715273985 -1.2753504564225602 -1.2609493000492764 2.797583616126067 2.4671912169107655 -2.1091928215689166 0.016952313542842698 -0.392129414893307 6.117507307860112 -1.7921772358130157 -1.872339371497419 -0.5870128845486996 -0.1204459569421972 1.017481849658585 -0.36738605293230747 -2.882270961123408 -2.752056039788992 -5.367358638243893 -2.431549901080841 -5.8874754191324525 1.1260314921979728 3.232331063460886 8.664945003226252 3.481914344529753 1.0349254835504806 -0.17862185970578942 -2.120689784533575 -1.258512179934092 -0.2602209705768043 -0.3689269696511184 -0.4797528394615317 1.3198232972525 0.3758136454677477 -0.7912178796768022 0.8471245278843273 -0.0601912658104753 -1.6375665051068231 -1.5348450363471242 0.7345910093462448 2.4344829571923627 2.891236001695841 5.535117279300324 -1.3226817265939204 5.583834707113126 2.810699324627628 2.1842144160625527 -0.12639489063853968 -0.48671151745471786 -1.126331389417669 1.8651770735222906 1.5310532636645569 0.5064642838709575 -1.2717580409734206 -3.970716820605418 -1.815306343364098 3.099805786168466 0.9996097940109696 4.543008470325324 1.8582570128640554 3.177977399766422 0.5039687774884073 -3.380759998903762 -4.129387689403649 -0.3812468236151188 -1.295819707377674 -1.0540460829229479 -1.9591099356028234 1.9814112758166114 2.288240368045569 0.4563023669764647 -1.8723164688727465 -4.5688940900633375 -0.237437087912843 -1.4787175777888761 -1.0234433056585168 1.9090719197918877 1.9361677956076184 1.7440590003794876 1.8856654586483357 1.3209802734443625 -3.9748630699633334 -0.8125491055743504 -1.649003817549619 -1.8734893519454856 -2.8443083071454063 1.5633994027831248 1.9575058436167139 1.2032851544926653 -0.2539747222526874 -0.9279766221712283 -0.09536092128873166 -0.6282009740585367 -0.2105793189884021 0.06144264189969648 -0.3989961021656791 1.001521034813756 2.9258742356544523 -4.473174914643766 1.9379552025886362 -0.6506027438180144 -1.9729791677093091 -2.7019679444546187 -3.637119807909004 0.902916034296498 1.2169441877348277 0.820516114971304 1.2535445619380063 -0.34561773794107364 -1.4586190004009443 -0.8538371611581265 -0.41191315947167373 -0.3046712213253387 -0.13324261587368078 -0.3250054081583922 1.312862607470982 -0.2137084078993699 -1.5597785484554212 -1.889477708189263 -2.384215230671897 -3.25266903763766 -4.086999662973377 0.3240569929775963 0.574372970306429 0.15710227038910268 -0.23127548397225944 -1.0587993046764619 -1.4386134880352857 -1.033467997411177 -0.548149223169589 -0.167559921933508 0.15080294186560542 0.19207427600525498 0.9571556838331337 1.24352565138039 -1.2410742616527974 -1.9848985451248533 -2.758582277572963 -3.504523040112881 -4.230675442771952 -0.6313631515291153 -0.6084641046174264 -0.7117402124630278 -0.9207451062708519 -1.1912580410477542 -1.3693276312483795 -1.3872726467254395 -1.2158544434107859 -0.8949765056939988 -0.5468886723621318 -0.2834801369508214 -0.24858148992957763 -0.4872238939532386 -1.0078318814045861 -1.7281087770027157 -2.5151518502315495 -3.1429960173781093 -3.786277342348649)
(UseCyclicTransform "false")
(UseDirectionCosines "true")
