(BSplineTransformSplineOrder 3)
(CompressResultImage "false")
(DefaultPixelValue 0)
(Direction 1 0 0 1)
(FinalBSplineInterpolationOrder 3)
(FixedImageDimension 2)
(FixedInternalImagePixelType "float")
(GridDirection 1 0 0 1)
(GridIndex 0 0)
(GridOrigin -81.87293732842272 -87.85457022193211)
(GridSize 30 16)
(GridSpacing 60.28160366497389 61.285618177260616)
(HowToCombineTransforms "Compose")
(Index 0 0)
(InitialTransformParameterFileName "")
(MovingImageDimension 2)
(MovingInternalImagePixelType "float")
(NumberOfParameters 960)
(Origin 0 0)
(ResampleInterpolator "FinalBSplineInterpolator")
(Resampler "DefaultResampler")
(ResultImageFormat "nii")
(ResultImagePixelType "unsigned char")
(Size 1584 745)
(Spacing 1 1)
(Transform "RecursiveBSplineTransform")
(TransformParameters -5.704373912269762 -8.679766081636503 -9.186647727245708 -10.009570145898198 -10.722979636460504 -11.405760467057611 -11.91925787142852 -12.078300690381516 -11.759454358032723 -10.83698564691877 -9.390731233079093 -7.7770822289004 -6.112836852310078 -4.2984847695417185 -2.404873249653825 -0.6737822609365417 0.869826415652367 2.4390977030180045 4.07887728791949 5.755208437321684 7.35874233551889 8.640525943809266 9.512497923555076 10.013420050932796 10.168511263721491 10.002589773585617 9.60810190734396 9.009035217942744 8.589254532880577 6.309819480366633 -5.8013612763172935 -8.989607574885177 -9.62534064580993 -10.524099409261513 -11.234765811066882 -11.87999710647328 -12.362408078738039 -13.02517833352993 -13.340863073865913 -12.132439219456456 -9.348591919987653 -7.001508578719457 -5.415930068566955 -3.634406232181577 -1.6436056733878361 0.6528892569303529 2.0740466396171513 3.234454320932885 4.738129620633173 6.764637656624892 9.081431582640123 10.84195514423606 11.804986315138986 12.20097421291181 12.093598543188792 11.435540138741901 10.422551051072826 9.405374880468074 8.828428634841746 6.608196535244853 -5.286513081096027 -8.504806378156934 -9.287398688869358 -10.199206223504206 -10.848835041469687 -11.007450111324172 -10.244447583610283 -11.219107285063151 -12.192053544561809 -11.230997255408747 -6.544033286370355 -5.003526918845985 -4.051188989971711 -3.1464547149355444 -0.7975000433175391 3.705119657691498 3.265145027790501 1.967404961046618 4.344610271577585 6.883110107219257 9.504496406714503 11.272517942310849 12.235319618901539 12.523550472094696 12.215654274079988 11.089712335342448 9.53489326540571 8.553037495047189 8.031679785752356 6.122685811395254 -4.678989059321881 -7.838712168514509 -8.848081386282416 -10.390767981728418 -10.329074525177061 -8.152930410672624 -9.779552510519691 -9.826752899950131 -10.384832465934963 -12.844062798490771 -6.721007885530682 -3.670250111567577 -2.953944495070443 -2.852351373236734 -0.8144975861368058 1.9928245162581915 0.10380300565920665 1.1288085211445 5.756603429949331 7.58325184997579 7.423104409922777 9.355387179264811 11.63641924550963 11.854063970746834 12.112843635677955 11.021758435387227 7.95285283130313 7.394779665824518 7.569340706068518 5.74804583111393 -3.9673615293942186 -6.712278016513396 -8.095699085532365 -11.481746381315764 -10.839466639178331 -9.231201956345194 -10.896887744183074 -9.775567603980292 -10.868156107876562 -14.467343446985897 -14.509359253068517 -3.4020480737172205 -1.0826395041328796 -3.452859043260866 -4.176838798781391 -5.150528716716127 -2.989148916691581 4.315994012393637 8.204286500080997 6.932372196948198 6.272871680666451 11.768347114205765 9.203267140156983 8.388457359261212 10.304523018508549 12.076186925356735 9.312005188511327 7.8775588820557445 7.588945320446998 5.56549253977855 -2.9743552073818624 -5.369350031146084 -6.113574175886605 -7.104195019720255 -2.136295083596437 -4.5171812603196315 -6.0722474305507 -3.910838339940442 -10.111610953280994 -9.779775682102466 -11.00977757083607 -6.245807005728823 -4.0916731841021265 -5.7746498897949765 -2.08186381496752 0.8018163692960113 4.486043368514142 5.529062590997139 5.639728787265194 6.517490346016853 4.679016615895262 6.033002729646436 7.644804114100878 11.640313714236417 11.630538270501678 11.272837744657068 11.382333295235297 10.24887604527899 8.20576443078394 5.611530580508428 -1.7230047977284892 -3.5674056581835485 -3.976505937527255 -5.883476697386616 -4.102571181774791 -11.096901578575922 -8.48570874680272 -6.335955008197094 -5.050892985132913 -2.5804192121032297 -5.959482850970624 -8.04935796540531 -0.6333973137068405 8.945474201264835 6.156775497235871 8.561236912072438 5.919192681486161 6.980440090331971 10.368833285761841 5.741479431090018 6.644380478642201 4.79151938643052 8.284625903032072 9.332679923849282 10.175227321641845 9.84387105647687 10.959941007555669 10.243389767442048 8.314100725650512 5.713460659978902 -0.4715065778602144 -1.0947825398776427 -1.0654074123169257 -6.344753759047589 -5.514517983057429 -6.63540246925839 -9.030315993221079 -1.841146398871521 -2.3859133528796055 -1.8066763990941979 -3.4577984859358635 -4.031177933513724 -0.6285800723515435 11.31155942287317 8.06300988102168 10.06727723985889 6.827042178790349 0.5901779431095102 5.091221401639917 1.7496187704571102 3.4820026635960244 2.802587019895858 4.783139097935019 7.635168754588224 9.094304588793785 8.617918913799647 8.11338986563195 7.683648513267392 7.149038652657525 5.39258433977948 0.65053322051751 0.24470028218001247 0.43253232868892966 -2.179198761246499 -2.014030491208647 -3.330928875707519 -4.330687954909156 0.14702185955885763 -1.0883456015512545 1.051189781787619 -3.8549825287039243 3.2141308093832377 0.3214549232806761 -0.6841926238582418 7.917682373645802 3.8085626305432334 8.092931300447567 1.693332231605114 1.92975397689921 1.5039161834586745 2.258852063075696 4.161051041798668 1.7578892288630106 3.0107719156974335 4.346969908222578 4.2813972085332495 6.080496495524924 5.488895381855773 5.384639020692302 4.564672492863743 1.6401798787047808 0.9082793802038458 0.09056281307581363 -1.9829153772939663 -1.6905994758227765 0.060427945991523825 -1.2913168723324056 0.624793444497516 -7.004001960046004 2.6639592757209996 0.3245311601853591 -0.03704233619337922 -4.2794876145189695 -4.178087512998376 1.0754273618352501 -2.9219585821470324 1.495706261976371 -0.40062941251206124 -1.6872260387790172 0.6191168654577188 1.017833614387715 -0.04431620508014575 -0.22819951402148667 -0.8710016197412422 -0.3167288622014599 0.47367239484209134 1.505171305090347 2.331277931301367 3.077094846970837 3.4915751146399217 2.497545048817588 1.6098220162591417 1.3361628969281767 1.8814649992397534 -0.5977840003734581 2.6586659944422126 3.210723117640318 2.3305280749714115 -9.331550838265132 -1.0515447310777193 2.7493535917665533 -0.9838339479969194 0.5432982938928463 -3.4387952059778897 -2.2399444405990496 0.6812232856123356 2.011950365627435 3.829893387953842 2.758743569531654 0.4900524336832471 0.48601462504777454 -1.7431466396931294 -2.8691700217565197 -3.4251491202805555 -2.888986704516859 -1.9596727673686027 -0.9493725651744289 0.12891808979023392 0.952403485053452 2.3266757504079916 3.313877543822703 2.4604986810398817 2.0411132176833124 2.604777482617736 3.254658361318024 4.907217745997867 3.031267917370433 1.7458853087698403 -2.7323210006784504 -1.9465650215799266 0.5484388270621628 0.8098482389985455 -0.01551645553369268 -1.4011022640618134 0.1307589263224437 1.2831541330472642 0.566611345696628 -0.1456099610043433 1.2306333581985933 0.7055701528453645 -1.0580764677161645 -3.5355548884812156 -5.067035253624176 -5.7545372705314275 -5.3849281683723955 -4.491605591069853 -3.3603621001242447 -2.0168527526787816 -0.943486268831453 1.2021387878928347 4.09603192272284 3.9346821599338093 3.0534435193126943 4.394840626054093 6.820794981209469 5.198567311187274 4.412505043484608 -0.05443754689409577 -0.4795553754137674 0.14807616397558365 1.589477399029906 1.773434533035677 0.02051774960477627 0.8912609881946213 1.5632990064680319 1.0774797924051944 -0.11274900666534818 -0.436254417393385 1.8421995560766207 1.7472612877473919 -3.521137306469473 -6.4643843883066125 -7.016111806445097 -7.8639731310537275 -7.502288862180567 -6.56136031626051 -5.312529292400885 -3.7599778242562993 -2.494471166910811 0.21340806356356354 4.7940465017092615 5.436934740652824 5.176804834291187 5.495831020846507 5.772321164951479 4.66593110468385 3.9819143446695033 1.9593932911056728 2.1996906391420543 2.3884087453873297 2.4205096398721393 2.035424945918482 0.5846092205538196 1.6690158769540848 0.8849960865232492 0.9965238389675589 0.2287469665172823 -0.9841891457514046 -0.09441712936610178 -0.9708668634859637 -5.325359178070373 -6.150003536745526 -7.868231063159096 -8.97501537442858 -8.68863324351919 -7.79492370492412 -6.532815311390671 -4.92488906098105 -3.613799696726926 -0.630252957002524 5.341497049012113 6.495518655506884 6.406312339909226 6.496260620318112 6.510819504066929 6.0687284700423385 5.52792930810127 4.79491781369084 4.205818136377769 3.822907675433277 3.459607352140287 3.1245718117496954 2.725436147623356 2.677997085361249 2.2383799454252276 1.5443265917138245 0.6446447219265746 -0.2115392350979001 -0.7056600417338387 -2.097144307312974 -4.870939844498166 -6.589618657190944 -8.37530188394186 -9.209390261366494 -9.090512415254285 -8.320658210122893 -7.10698951683553 -5.531232446211666 -4.258006370999477 -1.1885931319359333 5.271668134788036 6.770616650899639 6.879575321389622 7.002054742688402 6.909268801790099 6.62679501009895 6.190794887005361 5.78152070377142 5.432615489554522 5.054684450020521 4.615268696173626 4.100114583076939 3.5224014354879976 2.9518653273196427 2.3694332316076627 1.690308613862977 0.8529787738563607 -0.2544093644319464 -1.6542387334327324 -3.3433307219028534 -5.149510607212362 -6.622910672865159 -7.603843554773279 -8.073127522596124 -8.02917830491558 -7.489212790718074 -6.585483108495293 -5.417404769183426 -4.511146612736371 -1.9515984177606653 6.113922152344291 8.029355745782878 8.515250884605734 9.041432401547743 9.228101562048561 9.055676418417985 8.510336366506941 7.719316282821162 6.784520636606842 5.838037503637739 4.95738833433245 4.117944116743232 3.4503156197290057 3.3016182014722104 3.694417935906422 4.397092672757968 5.270783517189415 6.199706057992271 7.11416892732322 8.010253413610313 8.86034232378795 9.632947503833842 10.286179032563075 10.760944436890242 11.019055229929338 11.011914645780479 10.781946102948057 10.291730449563666 9.951266291779516 7.27058118746829 9.030261472527807 11.171884467078545 11.158894454391076 10.941548049022165 10.16926541539346 8.893617643427048 7.294706117391084 6.343849420203169 5.116272476650766 3.593638618875679 2.153494587167302 0.9461262039567466 0.3464863853909389 1.3102872893425572 2.8785221807227175 4.13469195921192 5.3189794287277765 6.520934476403929 7.09018662824523 8.08993504768452 9.342422657233397 10.32264214047605 11.032685739207318 11.982662315257159 13.095133079100158 13.666310102433881 13.653088000101395 13.362186615786014 13.314391657450937 10.096518131592148 9.770647507207675 11.671196041887633 11.356717332090867 10.95316601318424 9.114043617341737 5.9756582811909515 4.984553618461006 5.303232438021001 2.8147499508868994 2.2711847062101502 0.036511716474174255 -1.7297827119161775 -1.7459300660053931 -0.23157391154820686 1.5773121961022336 2.401015169446569 4.636599983150006 5.978651654088514 6.224750061810936 7.45943402515967 8.998182959217342 9.44961626001856 10.04362841239017 11.360992151329665 12.9852897179825 13.088061893600075 13.769527564607724 13.687156433219242 13.868772900227366 10.729133538355697 10.763895370884907 12.371172456216359 12.074224784141625 11.324517213101164 8.241304831820736 6.069637294518823 6.8582634832009255 2.2575092362355855 0.45435104444585345 1.1547091580400497 -5.865665608881495 -7.184397425747247 -2.8144949881954253 -0.9779660482369117 -0.41534972670537623 3.4887000575703118 5.317891391422559 3.6594087360343432 4.284800381404408 5.589956095558583 9.758285005426616 6.705872632084092 8.068607139385573 10.593003202586189 13.351976926604403 12.041886230483161 14.052913412859198 14.206880452933754 14.547389249541055 11.51471916133024 11.490319998488362 12.767660888571482 11.580488803748374 9.462555865503356 8.060851071075556 7.003451911822237 5.717651191909787 -1.5389278957600163 -5.983677972077692 -1.869199722397842 -3.854905934499786 -8.986536526394925 -4.451088444789581 -2.5318717694758437 -3.491555263033357 -0.20917072057111213 0.028106978585810877 2.2518735863057677 2.5538309140990636 3.383304116865598 6.3653440301318875 3.077574043915957 5.051939824953705 8.952160727698667 12.978379534702034 12.86446571894724 14.025505450313394 14.318779230879645 14.917456771606336 11.987783587215306 11.898983825102906 12.797915957056652 9.853000690178778 9.380095390431412 9.359201389252249 0.7970670737340249 3.3441084971437527 4.372848914207387 -6.0901967192504065 -5.286761427941139 -7.930600855594955 -6.079364987760436 -1.3932077137763692 0.9226629532171912 -3.1804147292725635 -1.3094409680941463 1.0800997494870346 0.4455168765234768 0.13708296705822098 5.250990977075375 3.9378187368174244 1.820794743357799 5.267408598013801 9.013502224126844 9.675648878204898 14.099051848534678 13.768016076202594 13.856548482701765 14.915177044123801 12.28460220416916 11.946208038552529 12.172158757139988 7.887413231221394 8.026107430486055 7.314419671538961 -2.510955327594006 -1.2828862524972477 -6.213298708403159 -4.925053824313213 -1.5163927734328078 -6.677977581819479 -5.247547239075622 0.1859938600989244 1.179670498361779 -3.589232986672793 -1.591605299454958 -1.0973283230811888 -2.0487988972275897 -0.5778769010871058 3.7526790314934724 1.4705231710443178 4.702764017807568 2.1919262359629137 5.891335787928732 7.524351512526796 11.381518873817042 10.398574427787782 12.00438744679897 14.62937823591066 12.25188344898173 11.827198888040897 11.843765894285397 8.980421000775015 9.85732866838324 13.518872328740038 2.7656845058649515 0.17642822819490267 4.123139239234749 3.0646842003693764 -1.295368067425339 -0.7404052971882433 -4.257061407597071 -6.311162351392541 -3.291373851637025 -4.158851788274809 -3.034457860655948 -1.5107165477358613 -1.2496134868019637 -3.38439985460668 0.9728052335618811 1.489039932708974 2.406423691215352 0.9733996206388847 5.337882150259635 9.729117408229667 9.712552793182704 10.427430437629756 11.935811806921391 13.73039818362093 11.559355040421712 11.610727807186235 11.850379387196263 8.64153428494869 8.582720422012205 12.932761944782373 4.611417980457757 1.9869324864066258 -0.9324541447765422 3.835967341885936 1.0464277930587256 -1.7135394901622016 -2.064733017779298 -9.1358844769235 -6.346293667531289 -4.599211233354625 -5.170609158460508 0.07594478637317022 -3.8604565806706246 -1.1016380146531777 -0.30456101170274963 -1.0164027101636928 -3.069796910249099 0.620194764688354 0.7529467956236733 2.74844883137159 6.13411288649925 7.462776154898249 8.54534126366698 11.28889217550734 10.19686623144101 11.267603286182181 12.135652622617597 11.0315049250984 13.245394058067312 11.117711264010516 2.6536736405224266 0.5821253882629652 0.7335495568075446 -1.3395938669195524 -4.493524766385112 -4.4526857610995005 -1.7525493284113676 -6.347206647780342 -9.355567494243207 -5.48626186113331 -5.669337846418222 -2.581628655728953 -5.757629414333422 -1.7589253541501506 -1.6190665702587284 -0.686729855693217 -3.785697852646831 -1.1527419817032283 -0.7966934870188831 1.3026129747762385 3.329238716971356 3.72516114493059 5.357207927296638 8.286609272889475 8.436000097707426 10.737051533209051 11.38864412399873 9.885295667162975 9.30829415498415 10.771221556316561 4.655321669762702 -1.232695331883746 5.993782091344392 0.1392270717980893 -2.2208274445239784 -1.60775329779461 0.08812237935958073 1.2448084677658324 0.09869828545819331 -5.046213335848217 -5.130134877516902 -4.810459338237482 -3.1415961431973884 -3.9935484360918703 -4.523420297012862 -1.135256749112386 -1.5621570535908424 -1.2664266794163577 -0.5313937303104515 0.6742568181494416 1.90622290988215 3.0679628820176843 4.522477049799415 6.003981966671987 6.546471966164044 9.968206167889017 10.461240917624423 7.955778842492436 3.869991518570327 5.443334712199452 3.009889859147354 0.7049940505657355 1.0391747945398038 -1.6101175523326592 -2.399336507834584 -4.640895497267073 -3.13960961666316 -1.517023294711952 -2.484160007829362 -2.028562392667537 -1.9100691087877368 -5.45098387676601 -4.65143886864009 -3.3315259764041145 -3.350003967818309 -2.6154922704668615 -1.0578099931092533 -0.4379200429918897 -0.03858944699456042 0.4192609866961744 1.1017634878343598 2.0301053748474454 3.1524590157616896 4.1735606808230505 4.9106429838385655 9.027593821943428 9.319073771942783 8.123374667816293 6.741504847415436 5.091504359674989 5.299469776195092 1.6618622718854261 3.5430836083026582 0.9251818695777831 -1.2704190862438616 -2.9155782124831773 -3.525543325142711 -1.931661290332436 -3.5353826726141335 -5.666537649786561 -4.583006287529191 -4.859099363344567 -5.353479532407434 -3.087415758807334 -1.531454212419264 -2.5477185483113436 -0.39739477545359164 -0.23150224148812412 0.14844420606328226 0.2192177045248773 0.5679645139180656 1.2669121935648455 2.1304564476860284 2.871483440628991 3.6890313411463627 7.984038148557929 8.346919288923159 7.421135556052083 6.370055173700681 6.159963163836368 6.9886528990576435 5.620741231020231 5.059216154724055 2.035562975806897 -0.3514743368858169 -2.218541453327463 -3.658858333966534 -4.404305675984457 -5.461742337385003 -6.5917121374982575 -5.740055907137068 -5.297413429435265 -5.003561294506708 -3.6873368640619466 -3.4102344771478807 -1.1336785750768996 0.4081233385157965 -0.2905012866103736 0.12087255210507783 0.04151936771981697 0.21835090511012487 0.7379657963005475 1.4033274356366272 1.9574405898074954 2.7806878645191855 7.260848640465011 7.794436732203521 7.115358464523495 6.407608003807959 5.7762522967402825 5.3144978342159925 4.7735026284409665 3.5971836064704856 1.7081499380270415 0.10962330449049874 -1.2508031784666065 -2.5373513363707505 -3.6722341701449883 -4.3801346393838525 -4.724989794364195 -4.914758128828738 -5.452099137531183 -5.224090547915565 -3.8529516680296516 -2.846291022513129 -1.1740388275098221 -0.3528680531047293 -0.20542186949059252 -0.016786497836610112 -0.10787494523466418 0.01977059122894667 0.4483118007141668 1.0089069102431194 1.470615254691462 2.2844941975242428 4.870039693859171 5.439808065282326 5.209687590798465 4.920024350821683 4.504671144167314 3.9515740282574936 3.2567439260319118 2.432038139878593 1.5635016784079592 0.871456708279503 0.36171400468442383 -0.18180584032902253 -0.8106596247708909 -1.479921723750832 -2.1367121959104467 -2.693436442024192 -3.0529364255446096 -3.0242980400248536 -2.596932528184599 -1.9669005482174544 -1.2824643282171135 -0.7709070804270415 -0.5033789172702012 -0.4159155906009261 -0.4201775833842756 -0.3078843379107925 -0.04229908853032241 0.302468266987089 0.5793518648475914 1.2017174493137905)
(UseCyclicTransform "false")
(UseDirectionCosines "true")
